12
24
23
31
45
55
65
70
90
84
97
103
127
137
143
170
165
170
195
183
138
170
136
133
132
132
142
117
146
130
120
126
152
137
143
117
121
128
135
157
133
140
138
156
202
186
190
184
176
139
131
123
107
94
93
95
83
67
47
39
27
23
19
17
12
24
21
37
43
55
64
69
89
84
99
103
123
131
153
167
172
171
192
174
161
156
140
124
126
123
152
128
139
132
114
146
140
142
130
124
115
129
147
140
136
146
132
163
184
197
192
186
180
129
138
121
110
92
101
86
89
63
46
40
31
20
20
17
14
22
20
35
43
59
71
69
79
94
106
89
125
131
154
167
175
167
194
176
159
157
134
121
124
135
142
140
133
129
126
150
128
150
123
110
118
138
159
117
143
148
135
156
192
205
189
176
169
138
142
123
113
84
108
82
83
64
47
47
30
16
20
17
13
26
20
35
45
53
69
75
82
93
101
86
127
144
141
165
173
186
179
181
167
144
129
121
130
144
131
143
132
115
145
142
147
127
127
112
123
141
142
141
132
135
156
153
182
219
185
183
139
158
137
129
97
97
100
95
77
65
46
43
32
16
20
17
16
21
25
35
44
58
65
76
77
102
97
87
132
145
145
163
168
199
172
182
166
138
133
113
142
129
137
139
129
123
155
135
148
123
115
109
139
144
126
149
135
137
152
154
192
217
175
175
151
166
121
130
99
97
98
94
81
64
43
43
35
13
22
15
16
20
28
33
44
63
61
76
86
97
88
96
129
145
140
169
161
204
176
181
152
144
125
130
131
147
136
121
124
151
143
147
124
122
126
121
132
141
135
142
142
125
156
158
196
197
193
161
162
146
143
127
100
94
101
92
80
61
42
43
36
12
21
15
16
18
30
32
40
64
66
73
81
92
99
97
127
144
135
172
168
189
180
196
155
132
131
137
122
145
125
129
134
144
145
140
132
110
122
133
130
135
140
142
144
132
151
175
186
196
198
153
171
138
147
115
110
91
107
83
78
61
45
44
33
14
25
11
16
17
30
31
43
62
67
70
85
91
102
95
119
142
150
161
179
186
172
196
153
134
142
124
138
138
128
122
149
136
144
136
117
114
142
134
122
119
168
136
121
147
155
184
177
191
188
158
178
139
130
139
93
100
104
92
74
57
47
43
31
18
23
11
16
17
26
36
44
64
65
69
81
84
104
106
120
137
153
161
163
188
181
194
146
140
145
129
147
121
126
133
141
152
123
137
112
133
139
125
125
124
160
137
132
159
146
178
187
178
185
176
170
131
129
138
103
106
93
90
79
53
46
46
27
21
22
11
16
16
26
39
43
62
67
67
77
87
102
124
101
135
173
145
162
196
178
186
165
134
137
149
135
108
133
136
143
148
124
114
138
131
127
132
131
135
127
149
138
157
149
167
196
184
177
173
175
136
123
128
118
102
93
90
76
57
47
43
29
22
21
11
17
15
29
37
42
63
63
72
76
90
100
118
112
126
168
148
168
188
193
170
171
135
132
162
126
121
127
140
149
127
130
106
141
143
117
125
134
137
121
146
164
141
161
152
202
186
176
167
181
132
126
125
121
93
101
93
71
54
49
47
26
27
19
11
18
16
27
36
46
56
67
76
68
93
102
119
118
128
149
165
167
179
189
181
162
137
153
147
117
126
128
151
128
123
122
136
129
133
122
120
156
126
123
148
155
158
146
165
199
177
184
164
173
138
119
126
132
92
99
92
74
51
49
46
27
28
18
11
19
14
30
32
50
53
73
72
65
98
106
103
123
135
140
166
179
168
197
180
159
146
164
115
132
134
133
132
132
122
128
124
141
120
134
113
152
121
134
145
158
143
159
148
218
168
193
163
159
147
123
122
134
96
97
94
71
51
50
49
27
26
20
10
16
18
25
36
49
53
65
73
68
95
116
96
128
139
132
161
188
162
192
183
153
158
157
126
128
133
147
115
129
120
138
135
123
119
115
160
115
137
138
144
149
137
177
156
193
198
170
182
140
145
133
121
124
101
107
91
66
52
51
50
26
26
21
9
16
14
30
33
48
48
72
65
77
94
102
110
119
149
131
161
172
161
209
192
145
159
156
128
126
145
136
117
121
123
127
142
116
128
129
134
121
147
148
134
138
153
154
169
192
213
164
183
133
150
134
125
121
95
109
88
68
56
51
43
30
23
26
7
16
15
29
36
42
48
70
69
76
90
102
117
109
153
143
147
176
158
205
183
165
158
140
135
140
150
118
123
120
129
137
119
125
121
145
111
140
140
139
138
139
159
142
183
200
194
190
159
143
141
140
124
114
104
112
85
68
57
53
39
31
25
27
4
14
16
31
38
38
49
70
62
84
80
107
118
111
146
146
144
169
171
206
191
165
155
136
129
167
124
117
133
110
136
126
122
126
135
118
133
136
140
147
120
149
155
150
173
204
197
191
148
162
128
147
124
112
100
112
88
63
58
55
42
30
28
24
4
14
18
29
36
37
49
71
62
81
89
106
105
126
137
155
143
164
183
174
203
182
147
128
146
159
118
122
127
129
124
125
116
126
138
124
128
145
136
130
120
163
134
171
168
210
205
183
148
159
136
131
135
109
97
116
86
68
57
49
46
31
27
24
5
13
20
28
37
35
49
67
73
70
95
105
104
123
141
150
149
159
192
185
192
185
138
135
145
136
140
131
105
150
110
111
125
133
117
138
142
123
146
118
142
147
150
168
162
206
208
187
150
149
151
113
143
106
105
108
89
73
57
45
48
33
26
22
7
15
18
30
36
31
53
66
73
67
98
110
108
111
152
133
155
165
180
191
200
173
144
150
134
134
132
133
125
125
123
116
119
120
124
147
143
130
122
113
154
133
168
151
173
198
206
188
164
151
143
126
131
113
106
100
85
83
53
49
49
34
23
19
11
15
18
36
31
28
58
67
62
69
100
111
93
121
144
129
170
170
172
199
201
160
158
142
143
122
141
135
136
102
118
126
115
122
128
141
146
125
110
140
134
140
165
160
157
205
221
176
163
163
130
133
122
126
102
96
90
79
55
52
49
35
24
17
12
14
19
33
33
27
59
63
61
71
100
109
96
127
137
138
167
160
172
202
198
166
145
157
146
120
134
134
141
99
118
124
121
117
130
143
143
124
99
149
132
141
160
167
155
201
217
187
171
152
140
122
133
117
105
100
79
79
64
50
50
38
24
16
14
15
18
34
26
34
58
61
63
68
100
108
101
118
135
147
160
164
179
194
202
171
150
140
149
123
131
147
117
117
107
119
124
126
130
142
125
129
122
124
132
156
149
167
164
188
213
190
180
150
140
124
132
128
102
95
78
79
74
47
49
40
24
17
14
15
17
32
30
31
59
65
52
69
106
103
110
107
129
160
162
147
197
189
190
172
163
147
129
148
121
134
121
128
113
107
119
136
133
132
110
131
137
113
153
131
152
163
165
199
211
185
183
156
142
118
135
124
106
89
85
75
77
48
54
37
26
16
16
16
18
31
28
35
57
60
59
70
107
94
111
107
134
156
157
154
189
200
189
176
156
144
131
146
133
111
135
123
113
108
118
131
149
111
118
128
132
134
138
129
151
163
157
212
200
191
183
161
138
128
125
128
108
91
81
76
75
56
56
35
27
15
17
17
20
27
29
38
57
53
63
71
107
100
102
111
141
147
149
173
191
184
203
169
163
140
138
139
137
117
113
128
121
118
108
142
133
107
117
126
149
133
123
150
130
163
176
206
195
199
175
172
125
144
114
134
95
90
84
79
73
55
50
38
28
16
15
16
23
27
27
41
56
54
61
77
86
119
106
110
135
149
157
179
199
173
192
177
166
142
130
146
126
119
115
130
125
107
128
132
115
111
129
120
131
148
136
134
139
159
179
212
196
190
177
170
130
139
113
135
93
96
80
79
66
64
47
36
27
15
14
15
22
31
23
47
51
57
66
78
85
121
93
122
134
145
153
189
186
180
189
188
164
151
126
137
135
115
109
124
124
125
133
114
104
121
123
135
128
142
134
137
130
166
199
197
209
187
175
155
143
136
116
132
89
90
83
83
63
67
44
37
25
16
12
15
24
28
27
47
50
58
63
80
87
108
116
125
120
142
159
199
185
174
183
193
165
153
135
126
114
134
121
119
123
124
138
92
106
126
126
129
133
136
139
145
121
176
195
195
215
181
166
160
146
145
108
122
104
83
88
74
65
69
43
33
27
15
12
16
24
24
37
41
46
57
69
84
87
99
131
111
119
153
162
188
183
180
198
192
152
147
156
113
121
123
124
112
135
135
118
95
110
118
127
133
139
125
135
148
134
164
202
196
215
178
164
165
141
146
103
121
106
82
95
71
65
60
51
33
24
16
11
18
23
25
36
44
48
57
65
85
84
97
139
115
121
146
163
190
180
175
208
197
147
154
146
109
126
120
126
114
129
130
114
117
94
123
124
130
129
132
126
157
154
141
207
210
200
188
168
142
161
146
109
116
100
83
92
67
70
57
53
31
26
18
8
18
23
27
39
37
48
57
72
84
89
100
129
113
125
158
157
177
178
193
199
206
145
141
153
121
119
111
131
124
126
128
99
112
124
101
126
120
126
148
126
143
160
160
202
208
185
191
173
151
160
129
119
111
101
95
84
65
74
52
53
34
25
15
10
20
23
27
40
35
48
59
78
77
82
112
127
116
125
154
171
155
175
215
184
214
154
132
144
132
115
127
113
129
123
110
114
114
126
101
125
112
130
142
138
141
150
174
187
228
179
181
167
172
142
123
138
102
97
105
76
74
67
55
45
39
25
15
10
18
24
30
37
38
45
59
67
90
83
109
115
119
134
158
160
157
177
209
201
208
151
143
124
143
125
124
105
138
116
104
118
115
110
127
93
129
121
142
147
131
161
166
203
222
191
157
173
184
130
133
130
104
105
98
82
69
71
53
41
43
26
14
10
17
24
29
38
37
48
57
70
87
83
114
114
121
138
156
152
157
179
198
204
217
158
143
125
117
161
110
113
125
113
103
123
116
118
106
108
126
117
129
156
125
173
161
219
214
184
168
167
172
151
124
122
107
112
90
87
71
69
51
39
46
27
14
10
13
29
26
36
42
45
60
68
81
96
109
114
123
126
160
147
176
171
188
212
205
173
142
121
133
141
119
129
108
100
122
115
117
103
106
130
104
135
120
136
155
167
157
218
209
189
172
170
162
159
116
122
105
128
74
100
72
69
45
42
43
31
14
10
12
32
23
37
44
44
55
74
82
92
107
110
130
131
160
145
176
157
202
196
212
188
140
115
148
118
136
120
103
114
113
111
125
102
108
111
119
124
123
134
160
139
190
218
198
193
170
174
159
161
116
117
117
122
74
102
72
69
47
41
41
32
15
10
13
31
23
39
44
43
53
74
91
81
112
116
131
134
137
165
162
168
200
193
206
199
133
134
137
122
116
141
101
101
112
122
104
107
112
111
125
109
136
128
151
147
197
210
204
194
166
179
152
153
129
121
112
119
87
83
86
64
47
41
42
37
12
11
12
29
26
40
38
48
52
79
82
81
113
116
124
136
145
163
155
175
201
183
204
183
164
137
128
123
123
121
119
105
115
98
109
110
111
116
117
123
120
129
142
158
200
206
202
190
183
171
161
141
127
124
114
120
91
81
89
65
48
35
45
38
15
11
12
30
21
45
36
45
55
78
75
87
111
125
110
130
161
159
160
171
191
181
212
170
181
153
126
117
129
99
135
106
110
85
106
129
101
109
118
119
117
140
137
163
191
218
189
204
179
162
174
136
130
118
122
108
102
91
77
70
49
32
47
36
17
13
11
29
25
41
36
49
58
74
74
90
112
117
116
127
162
150
160
183
182
179
212
171
179
168
121
121
118
120
99
134
93
95
103
124
118
109
105
114
133
119
144
169
176
222
199
188
184
176
171
138
119
129
116
107
98
101
71
75
48
32
50
34
20
12
10
29
25
42
32
51
57
75
71
93
110
119
117
133
142
167
157
181
167
191
201
191
151
185
137
126
98
125
113
115
94
90
115
103
131
113
102
114
117
136
153
149
181
222
199
194
195
160
173
143
112
129
117
116
97
97
71
67
62
28
48
40
16
15
12
26
30
35
33
52
64
66
79
85
117
106
130
131
136
166
162
179
173
184
200
198
164
162
144
125
109
115
123
90
103
108
115
99
113
121
99
109
111
139
153
154
186
210
209
198
187
158
177
140
125
118
114
128
95
89
74
69
64
27
49
39
16
18
14
22
33
32
41
46
68
63
72
101
102
103
138
124
151
158
164
182
162
189
188
201
172
158
148
126
126
100
114
91
108
114
96
111
109
120
110
98
123
124
148
166
182
202
210
205
184
167
160
150
134
110
113
120
108
85
79
69
62
34
47
39
15
19
13
20
36
35
35
55
58
71
67
102
105
111
120
144
142
153
178
170
159
177
208
205
172
141
141
142
124
112
90
99
112
116
99
106
110
102
117
106
120
128
133
171
179
205
216
212
170
165
152
161
129
118
116
119
111
80
82
73
54
43
42
42
15
21
14
20
38
29
39
51
63
70
78
91
101
115
127
138
151
155
168
160
170
183
209
209
165
137
136
155
122
107
95
100
114
102
114
100
107
102
109
122
111
113
146
173
174
207
228
186
180
185
140
164
124
116
125
113
104
83
82
71
57
42
47
37
17
19
13
20
38
32
42
51
66
66
78
93
105
111
132
144
147
155
162
164
165
189
205
215
160
141
140
132
133
97
101
107
106
114
106
96
109
103
108
130
110
114
149
155
179
221
230
181
186
168
152
161
117
132
122
103
102
88
73
68
63
45
46
31
19
19
13
20
37
36
39
58
61
71
77
95
107
102
135
143
146
166
160
157
174
195
197
215
158
148
138
124
122
110
103
116
94
117
105
98
103
105
111
122
109
134
128
148
190
241
216
176
187
167
159
157
125
120
119
113
95
91
70
68
56
54
42
29
21
17
14
21
36
37
43
54
63
71
82
98
94
111
135
151
144
163
160
153
174
199
206
196
172
144
123
130
118
110
115
112
106
98
102
108
94
113
110
113
130
117
137
142
210
212
231
179
181
163
159
152
140
108
125
108
88
97
72
62
64
56
40
24
24
16
12
19
40
40
38
52
70
62
84
101
88
127
117
160
146
158
142
172
183
194
202
201
168
147
126
124
107
119
125
110
104
91
110
109
95
102
117
112
127
123
117
158
208
219
223
177
190
150
180
133
137
126
124
105
85
89
82
55
64
62
38
25
23
16
11
18
40
39
39
52
68
67
82
98
90
122
129
151
152
146
148
177
189
195
190
208
173
125
138
124
111
120
117
120
107
94
98
102
121
91
106
131
113
137
116
157
196
230
209
188
183
162
180
137
119
134
130
97
84
88
81
55
67
64
34
25
20
15
11
18
34
43
40
51
68
68
81
102
91
120
124
157
146
146
152
175
197
192
194
197
180
141
119
120
109
128
122
110
104
108
101
95
105
117
101
110
122
132
133
151
202
234
199
190
185
172
164
149
115
132
129
95
89
83
79
51
73
60
36
28
17
13
10
18
31
50
39
47
63
68
79
105
102
118
132
140
144
153
150
176
209
189
198
186
161
160
119
114
118
135
116
102
104
121
92
101
106
110
104
108
132
130
138
148
216
205
210
183
198
170
153
154
123
124
128
88
86
94
75
60
72
47
42
28
15
13
11
18
27
53
36
47
65
75
73
108
94
123
139
129
137
163
159
168
208
183
202
197
156
161
119
111
133
113
111
110
117
106
102
99
105
113
100
119
129
129
128
160
219
194
206
194
182
185
152
142
134
124
124
93
83
92
76
67
60
56
36
27
15
13
12
15
30
47
41
50
61
75
86
98
97
129
133
128
141
147
175
157
211
208
196
175
157
151
137
105
142
112
99
111
121
102
111
105
103
97
106
129
117
124
136
173
207
204
190
200
189
175
167
139
139
104
130
96
86
93
65
71
59
55
38
26
16
11
12
14
33
40
50
50
59
68
84
100
106
128
131
131
137
157
179
159
187
215
192
191
153
134
137
138
116
103
116
124
102
104
107
118
99
84
120
131
117
111
153
166
216
192
185
206
199
169
162
133
144
114
110
101
89
96
63
72
53
61
39
23
15
12
11
15
36
38
49
48
61
66
93
99
100
134
133
126
133
165
168
167
185
212
201
186
157
142
121
147
99
117
117
122
91
104
125
108
92
100
113
128
117
126
147
167
204
198
189
200
191
174
166
134
143
118
108
99
92
85
72
71
52
60
39
22
14
13
12
14
39
35
47
52
60
72
87
103
96
133
137
126
127
167
172
164
199
197
206
186
150
133
140
137
106
121
116
97
113
112
109
104
102
113
108
118
115
137
136
187
198
193
189
193
201
160
158
164
126
114
107
98
95
87
73
68
56
56
37
26
13
13
12
14
34
43
45
55
57
78
80
109
94
135
133
128
138
165
165
166
191
209
202
187
150
137
139
115
117
130
109
100
111
109
101
105
106
116
124
85
139
139
138
171
218
181
199
190
186
171
161
157
119
115
110
99
97
86
80
59
53
61
36
25
14
12
12
20
28
46
39
56
60
74
88
113
96
123
133
136
140
161
164
179
172
208
222
172
145
150
122
122
139
107
108
106
107
113
96
104
111
134
98
102
121
149
143
172
203
192
191
195
185
159
175
153
119
114
108
102
86
95
86
56
57
53
34
30
14
12
15
18
31
42
42
54
64
73
90
104
107
117
139
138
144
149
165
189
170
202
218
178
144
136
126
136
135
93
115
119
104
98
102
106
114
118
108
115
118
138
158
162
205
187
202
180
191
161
173
142
121
124
102
103
91
86
87
54
68
51
31
31
14
12
16
20
29
47
38
54
70
69
96
101
116
107
141
140
152
145
168
184
173
192
223
181
138
137
130
131
123
108
100
124
106
100
97
111
124
101
118
120
114
125
184
149
198
193
199
172
191
160
172
142
130
111
116
101
94
83
81
59
67
49
33
29
17
11
16
21
31
45
38
59
66
70
96
106
119
97
143
137
158
141
173
173
187
197
210
179
136
129
138
135
120
114
105
128
88
96
109
118
110
100
122
124
118
130
167
162
192
209
177
178
195
163
152
156
129
105
116
103
102
75
79
65
65
46
33
31
18
10
17
23
27
41
43
54
64
81
86
112
119
103
135
138
147
158
164
180
183
191
213
182
141
129
139
132
106
123
113
93
111
100
116
104
110
118
107
132
120
137
142
178
174
223
179
178
190
168
145
154
128
110
114
112
94
79
78
65
71
40
33
33
19
11
18
22
27
42
45
49
65
80
84
110
116
112
129
143
131
176
163
170
191
203
198
170
160
126
128
136
115
122
117
86
108
110
109
113
107
113
113
119
134
143
139
159
188
212
173
189
192
168
141
153
121
126
113
113
82
87
71
70
69
40
35
34
21
11
19
22
27
43
44
42
71
80
83
117
116
109
126
142
139
170
159
174
203
199
181
171
159
148
115
120
139
108
108
110
85
118
111
114
105
105
131
112
135
143
142
152
188
210
180
187
191
159
156
128
137
125
122
94
95
89
71
75
63
38
40
31
24
10
20
21
27
43
45
41
69
79
88
116
123
101
127
128
146
172
167
185
191
173
222
155
143
156
112
127
133
109
104
108
112
102
106
121
103
110
124
121
127
158
132
146
179
211
191
186
178
169
149
125
138
126
129
102
93
89
63
80
61
37
43
32
24
12
20
22
28
46
36
54
63
82
86
115
116
114
113
139
146
163
171
186
190
178
210
153
157
139
131
120
117
114
110
103
115
104
114
110
107
113
119
118
141
144
137
143
183
204
195
190
174
155
158
123
143
128
132
97
87
89
76
77
56
41
43
33
25
14
21
22
30
42
40
58
62
75
86
117
112
122
114
139
138
165
175
182
194
187
180
178
149
137
135
113
122
104
116
109
109
113
112
96
126
113
116
123
147
124
136
141
180
195
211
194
161
160
151
129
148
124
137
91
88
85
86
76
51
45
41
35
27
15
23
20
32
40
40
53
60
81
88
108
121
117
115
136
132
181
167
181
189
199
183
176
146
120
141
122
105
119
106
118
108
114
114
100
115
123
110
130
135
138
123
148
175
196
201
191
175
157
148
129
148
124
132
98
92
77
95
78
49
44
42
40
23
19
17
24
32
37
42
47
64
78
86
111
109
122
121
131
133
188
151
189
183
194
190
178
146
136
132
111
114
114
114
116
106
120
96
120
110
117
118
137
128
128
134
141
165
191
211
195
177
144
159
134
148
120
136
96
95
78
92
79
54
37
49
38
26
21
17
24
30
38
38
50
58
82
85
98
109
128
124
130
139
182
143
190
192
193
195
181
136
139
121
114
119
113
116
103
126
109
114
117
114
111
124
126
134
122
132
145
169
193
218
174
189
140
160
143
145
122
129
92
98
87
90
79
50
33
51
41
25
21
13
27
31
36
38
48
57
84
87
94
108
125
131
127
135
182
155
188
177
203
200
165
163
132
110
120
111
115
124
107
120
113
117
118
108
120
130
127
124
124
145
143
156
199
220
171
174
153
156
152
135
133
121
94
97
87
88
73
49
36
53
40
21
20
12
26
31
34
41
53
53
83
76
98
106
118
140
128
148
168
166
179
177
207
198
170
162
129
110
120
111
116
116
116
117
118
112
123
118
114
124
138
124
125
141
141
167
185
222
178
160
161
170
140
134
133
119
105
78
104
79
66
53
42
52
37
19
19
12
25
31
31
41
55
54
76
86
91
111
114
137
144
136
161
180
170
169
223
201
156
161
130
122
114
117
106
119
129
113
117
120
112
125
119
135
109
126
140
133
149
165
185
223
171
157
167
177
137
132
130
112
111
85
97
81
56
56
48
48
34
24
14
10
28
30
34
39
54
51
84
80
86
107
113
131
155
143
169
162
186
169
211
209
157
157
130
123
103
118
113
108
132
127
115
118
126
108
131
121
124
115
148
130
159
164
187
210
173
155
173
161
145
145
121
111
108
94
94
81
52
55
51
44
35
25
12
10
27
29
35
44
48
58
83
74
78
113
114
130
155
136
179
161
183
181
200
218
153
144
143
115
119
104
117
111
130
125
118
118
123
114
146
116
114
130
136
145
144
158
199
201
172
165
171
165
126
156
125
112
101
91
96
78
52
54
54
43
33
27
10
10
26
25
37
46
53
55
82
74
76
115
103
132
157
157
160
154
184
212
192
188
169
142
134
125
115
122
105
123
112
129
133
113
115
132
129
113
112
151
122
144
155
158
192
201
179
174
154
160
144
146
121
115
100
97
86
77
53
56
54
41
33
29
7
8
27
24
44
40
49
64
77
75
78
116
97
128
160
164
149
170
180
220
187
192
161
122
141
132
123
115
116
120
112
124
126
122
121
126
125
118
126
131
140
132
152
163
190
187
191
174
148
168
145
139
129
115
98
99
83
68
59
62
53
38
37
22
8
8
28
23
42
43
50
60
81
73
76
114
110
119
162
144
162
174
189
209
201
170
171
125
137
135
122
105
138
110
122
114
124
120
134
122
120
126
125
135
138
131
153
163
178
206
187
162
149
163
154
132
136
123
93
89
86
62
67
60
49
40
38
20
8
8
27
25
44
38
53
57
86
71
80
99
122
116
158
141
171
173
206
187
210
176
153
130
139
123
130
123
122
126
110
117
118
135
125
118
119
143
116
126
138
139
154
171
173
207
188
160
160
152
148
133
140
119
96
85
86
60
69
61
48
35
37
23
7
9
24
24
49
36
56
56
83
65
92
93
123
112
148
148
158
201
194
191
215
175
148
131
124
129
138
132
115
131
104
117
123
129
130
114
124
132
141
120
123
154
159
162
166
217
179
162
152
171
131
133
151
119
90
78
91
56
74
63
45
33
40
20
7
9
24
26
46
37
57
56
81
65
86
95
119
133
129
154
150
206
209
189
211
169
132
150
128
122
131
132
140
112
124
104
127
118
131
122
127
128
138
125
130
142
157
172
167
200
182
174
149
164
130
142
147
120
90
80
87
59
71
62
44
39
32
21
7
8
21
28
50
36
52
64
73
76
82
93
116
142
128
137
166
190
221
194
200
177
124
149
124
135
128
140
126
121
116
121
117
118
120
133
127
134
130
131
125
158
156
158
181
201
176
166
158
148
150
132
139
122
93
85
80
71
62
57
48
36
34
20
6
8
22
30
43
44
48
68
66
77
86
88
121
147
127
130
172
164
233
207
202
152
148
151
123
125
134
142
119
130
118
127
111
120
113
136
132
133
117
141
129
140
166
161
181
203
178
154
167
145
154
126
142
109
106
85
67
69
79
55
45
33
36
18
7
9
18
33
42
51
42
66
76
74
84
83
134
135
119
144
173
168
216
212
212
144
149
135
138
139
135
127
116
135
125
121
109
114
113
147
126
121
136
134
137
147
153
156
175
214
181
149
165
145
158
140
133
96
118
78
67
74
73
59
45
28
37
18
9
10
19
37
38
50
41
65
81
74
77
89
131
135
127
143
170
177
193
211
215
155
153
136
126
143
132
124
123
131
133
117
113
113
123
135
134
122
121
151
136
142
144
160
184
213
168
161
161
149
153
134
125
105
114
84
69
78
64
63
44
25
41
16
9
11
20
37
33
57
41
62
79
83
76
86
125
142
128
144
162
181
201
209
203
164
138
146
133
139
134
122
137
105
143
116
115
123
125
117
133
132
119
141
155
146
137
156
184
204
183
155
155
147
158
129
121
110
111
87
71
85
65
50
44
31
37
17
10
10
21
34
38
55
39
59
80
82
75
85
129
136
132
147
155
184
197
189
215
177
139
139
146
135
135
119
134
121
121
128
112
122
130
127
122
128
133
119
157
149
131
165
185
195
183
170
151
150
148
135
120
111
109
95
68
85
64
52
42
30
36
18
12
10
20
34
35
57
41
52
86
78
78
86
121
135
143
136
165
172
202
178
216
172
160
120
166
136
118
142
122
122
111
124
136
123
122
127
118
137
129
130
162
131
144
157
170
199
191
177
142
154
148
130
123
111
112
86
81
74
67
53
42
32
31
20
13
8
20
31
39
56
43
47
91
71
75
92
113
145
148
130
163
168
207
177
207
175
158
142
154
146
119
123
136
121
115
106
146
130
119
126
120
127
125
155
128
140
163
154
164
197
191
179
153
150
133
135
130
104
113
86
80
77
73
46
42
34
30
21
13
6
25
22
47
48
47
51
84
74
83
89
115
135
146
144
150
178
194
174
205
184
145
153
149
144
138
124
119
141
100
116
132
143
116
123
134
115
137
149
125
139
153
161
161
220
176
185
145
144
137
131
136
106
105
92
80
80
69
43
44
32
36
18
13
7
22
25
44
46
52
59
72
76
79
95
115
127
157
140
143
188
183
176
204
172
152
156
149
153
131
127
125
115
115
120
136
128
137
122
131
121
130
139
140
137
153
162
155
204
186
189
148
141
147
127
120
122
101
104
74
76
71
44
39
35
31
23
12
7
23
22
41
49
55
57
67
76
86
88
117
126
152
138
152
189
182
167
213
155
169
164
137
159
139
127
125
101
130
133
114
130
134
117
127
133
137
127
142
141
145
156
166
204
196
188
148
127
153
119
127
122
99
102
77
79
63
53
34
38
31
23
12
9
22
21
40
46
56
61
60
80
89
84
124
119
154
138
165
178
181
160
207
164
164
154
160
128
157
128
134
97
118
152
118
122
116
139
130
125
137
123
138
157
141
141
176
197
202
181
151
134
150
132
110
118
108
96
90
72
63
50
40
38
29
23
13
9
22
21
39
46
56
60
58
88
85
89
116
128
144
143
162
179
177
172
191
174
155
166
138
138
165
131
113
122
116
141
131
116
114
136
128
135
136
128
124
163
138
139
172
200
208
176
141
149
142
134
112
110
119
98
88
72
58
62
33
37
26
26
15
10
20
22
40
44
54
67
57
83
82
87
131
124
134
148
154
188
169
188
167
177
174
159
135
150
129
155
109
130
137
115
146
105
124
127
120
130
143
130
142
138
150
146
161
196
201
172
155
154
131
141
120
113
111
89
98
72
55
58
40
33
29
26
15
11
21
22
36
45
62
63
57
84
81
94
118
133
136
138
159
195
156
198
161
177
180
139
141
157
118
146
131
134
144
117
111
129
129
120
121
127
145
128
156
116
156
158
137
210
191
182
168
145
133
135
120
112
112
93
100
65
50
58
49
29
29
26
16
12
21
23
34
53
62
51
64
82
79
107
99
147
135
135
170
182
162
184
170
171
185
145
138
136
130
152
128
140
143
130
90
143
126
117
116
138
122
148
157
116
154
157
146
195
176
198
161
149
131
131
126
120
105
93
103
65
48
55
51
30
31
25
17
14
19
22
37
50
63
60
54
80
87
102
102
145
129
142
179
168
190
163
164
178
170
162
142
114
149
117
163
140
143
113
111
136
124
118
121
123
127
153
144
136
133
159
155
181
182
199
168
146
130
135
133
115
103
93
88
74
54
50
50
34
29
27
18
15
19
24
35
46
67
58
56
86
90
105
100
142
123
152
176
172
180
165
171
177
160
169
131
118
136
123
172
151
137
115
128
113
117
116
144
107
126
148
149
147
131
159
151
178
194
181
180
139
127
141
133
120
99
95
79
78
49
55
51
32
29
25
18
