   0.00000000    
   0.00000000    
   0.00000000    
   0.00000000    
   0.00000000    
   0.00000000    
   0.00000000    
   0.00000000    
   0.00000000    
   0.00000000    
   0.00000000    
   0.00000000    
   0.00000000    
   0.00000000    
   0.00000000    
   0.00000000    
   0.00000000    
   0.00000000    
   0.00000000    
   0.00000000    
   0.00000000    
   0.00000000    
   0.00000000    
   0.00000000    
   0.00000000    
   0.00000000    
   0.00000000    
   0.00000000    
   0.00000000    
   0.00000000    
   0.00000000    
   0.00000000    
   0.00000000    
   0.00000000    
   0.00000000    
   0.00000000    
   0.00000000    
   0.00000000    
   0.00000000    
   0.00000000    
   0.00000000    
   0.00000000    
   0.00000000    
   0.00000000    
   0.00000000    
   0.00000000    
   0.00000000    
   0.00000000    
   0.00000000    
   0.00000000    
   0.00000000    
   0.00000000    
   0.00000000    
   0.00000000    
   0.00000000    
   0.00000000    
   0.00000000    
   0.00000000    
   0.00000000    
   0.00000000    
   0.00000000    
   0.00000000    
   0.00000000    
   0.00000000    
   0.00000000    
   0.00000000    
   0.00000000    
   0.00000000    
   0.00000000    
   0.00000000    
   0.00000000    
   0.00000000    
   0.00000000    
   0.00000000    
   0.00000000    
   0.00000000    
   0.00000000    
   0.00000000    
   0.00000000    
   0.00000000    
   0.00000000    
   0.00000000    
   0.00000000    
   0.00000000    
   0.00000000    
   0.00000000    
   0.00000000    
   0.00000000    
   0.00000000    
   0.00000000    
   0.00000000    
   0.00000000    
   8.43610469E-05
   3.03617962E-05
   0.00000000    
   9.64300198E-05
   1.46761031E-05
   4.92426661E-05
   4.20176439E-05
   0.00000000    
   0.00000000    
   0.00000000    
   0.00000000    
   0.00000000    
   0.00000000    
   0.00000000    
   0.00000000    
   0.00000000    
   0.00000000    
   0.00000000    
   0.00000000    
   0.00000000    
   0.00000000    
   0.00000000    
   0.00000000    
   0.00000000    
   0.00000000    
   0.00000000    
   0.00000000    
   0.00000000    
   0.00000000    
   0.00000000    
   0.00000000    
   0.00000000    
   0.00000000    
   0.00000000    
   0.00000000    
   0.00000000    
   0.00000000    
   0.00000000    
   0.00000000    
   0.00000000    
   0.00000000    
   0.00000000    
   0.00000000    
   0.00000000    
   0.00000000    
   0.00000000    
   0.00000000    
   0.00000000    
   0.00000000    
   0.00000000    
   0.00000000    
   0.00000000    
   0.00000000    
   0.00000000    
   0.00000000    
   0.00000000    
   0.00000000    
   0.00000000    
   0.00000000    
   0.00000000    
   0.00000000    
   0.00000000    
   0.00000000    
   1.20984449E-04
   1.04144812E-04
   5.98997722E-05
   0.00000000    
   3.03168617E-05
   9.76649026E-05
   0.00000000    
   1.87728874E-04
   0.00000000    
   0.00000000    
   0.00000000    
   0.00000000    
   0.00000000    
   0.00000000    
   0.00000000    
   0.00000000    
   0.00000000    
   0.00000000    
   0.00000000    
   0.00000000    
   0.00000000    
   0.00000000    
   0.00000000    
   0.00000000    
   0.00000000    
   0.00000000    
   0.00000000    
   0.00000000    
   0.00000000    
   0.00000000    
   0.00000000    
   0.00000000    
   0.00000000    
   0.00000000    
   0.00000000    
   0.00000000    
   0.00000000    
   0.00000000    
   0.00000000    
   0.00000000    
   0.00000000    
   0.00000000    
   0.00000000    
   0.00000000    
   0.00000000    
   0.00000000    
   0.00000000    
   0.00000000    
   0.00000000    
   0.00000000    
   0.00000000    
   0.00000000    
   0.00000000    
   0.00000000    
   0.00000000    
   0.00000000    
   0.00000000    
   0.00000000    
   0.00000000    
   0.00000000    
   0.00000000    
   3.34681099E-04
   1.98466631E-04
   1.29308231E-04
   1.40147924E-04
   2.89973308E-04
   1.96737703E-04
   1.03407721E-04
   1.19636410E-04
   1.90254766E-04
   2.53221544E-04
   7.37937298E-05
   3.18014208E-04
   5.09871934E-05
   0.00000000    
   0.00000000    
   0.00000000    
   0.00000000    
   0.00000000    
   0.00000000    
   0.00000000    
   0.00000000    
   0.00000000    
   0.00000000    
   0.00000000    
   0.00000000    
   0.00000000    
   0.00000000    
   0.00000000    
   0.00000000    
   0.00000000    
   0.00000000    
   0.00000000    
   0.00000000    
   0.00000000    
   0.00000000    
   0.00000000    
   0.00000000    
   0.00000000    
   0.00000000    
   0.00000000    
   0.00000000    
   0.00000000    
   0.00000000    
   0.00000000    
   0.00000000    
   0.00000000    
   0.00000000    
   0.00000000    
   0.00000000    
   0.00000000    
   0.00000000    
   0.00000000    
   0.00000000    
   0.00000000    
   0.00000000    
   0.00000000    
   0.00000000    
   0.00000000    
   0.00000000    
   0.00000000    
   0.00000000    
   0.00000000    
   0.00000000    
   1.12919675E-04
   2.83035683E-04
   2.29227153E-04
   2.36409891E-04
   3.42286367E-04
   2.74469086E-04
   3.62176448E-04
   2.82587629E-04
   2.53691862E-04
   2.11415361E-04
   1.97156085E-04
   3.08672345E-04
   2.49281322E-04
   2.29886209E-04
   6.49019203E-05
   2.93880803E-05
   1.90168590E-04
   0.00000000    
   0.00000000    
   0.00000000    
   0.00000000    
   0.00000000    
   0.00000000    
   0.00000000    
   0.00000000    
   0.00000000    
   0.00000000    
   0.00000000    
   0.00000000    
   0.00000000    
   0.00000000    
   0.00000000    
   0.00000000    
   0.00000000    
   0.00000000    
   0.00000000    
   0.00000000    
   0.00000000    
   0.00000000    
   0.00000000    
   0.00000000    
   0.00000000    
   0.00000000    
   0.00000000    
   0.00000000    
   0.00000000    
   0.00000000    
   0.00000000    
   0.00000000    
   0.00000000    
   0.00000000    
   0.00000000    
   0.00000000    
   0.00000000    
   0.00000000    
   0.00000000    
   0.00000000    
   0.00000000    
   0.00000000    
   0.00000000    
   0.00000000    
   0.00000000    
   0.00000000    
   1.44182122E-04
   2.41079586E-04
   2.32723134E-04
   1.92567910E-04
   3.34729470E-04
   3.21621977E-04
   2.83439382E-04
   4.20511351E-04
   2.21790819E-04
   4.69123130E-04
   4.22437501E-04
   4.04717168E-04
   3.15190526E-04
   3.95556766E-04
   5.14542800E-04
   1.52917477E-04
   4.74908757E-06
   8.78639330E-05
   2.49770179E-04
   0.00000000    
   0.00000000    
   0.00000000    
   0.00000000    
   0.00000000    
   0.00000000    
   0.00000000    
   0.00000000    
   0.00000000    
   0.00000000    
   0.00000000    
   0.00000000    
   0.00000000    
   0.00000000    
   0.00000000    
   0.00000000    
   0.00000000    
   0.00000000    
   0.00000000    
   0.00000000    
   0.00000000    
   0.00000000    
   0.00000000    
   0.00000000    
   0.00000000    
   0.00000000    
   0.00000000    
   0.00000000    
   0.00000000    
   0.00000000    
   0.00000000    
   0.00000000    
   0.00000000    
   0.00000000    
   0.00000000    
   0.00000000    
   0.00000000    
   0.00000000    
   0.00000000    
   0.00000000    
   0.00000000    
   0.00000000    
   0.00000000    
   1.59783609E-04
   1.26576095E-04
   2.65432100E-05
   2.14390675E-04
   3.62211984E-04
   2.38585344E-04
   5.72214136E-04
   4.84156888E-04
   2.47121818E-04
   3.61750630E-04
   3.03935667E-04
   2.97069870E-04
   5.19894296E-04
   3.93885770E-04
   3.56560224E-04
   4.73553111E-04
   5.05255302E-04
   5.68138377E-04
   3.28833936E-04
   2.41164671E-05
   2.39186789E-04
   1.62702941E-04
   0.00000000    
   2.70684723E-06
   0.00000000    
   0.00000000    
   0.00000000    
   0.00000000    
   0.00000000    
   0.00000000    
   0.00000000    
   0.00000000    
   0.00000000    
   0.00000000    
   0.00000000    
   0.00000000    
   0.00000000    
   0.00000000    
   0.00000000    
   0.00000000    
   0.00000000    
   0.00000000    
   0.00000000    
   0.00000000    
   0.00000000    
   0.00000000    
   0.00000000    
   0.00000000    
   0.00000000    
   0.00000000    
   0.00000000    
   0.00000000    
   0.00000000    
   0.00000000    
   0.00000000    
   0.00000000    
   0.00000000    
   0.00000000    
   0.00000000    
   0.00000000    
   0.00000000    
   0.00000000    
   0.00000000    
   3.65161177E-05
   5.11304752E-05
   4.40742995E-04
   3.48738366E-04
   4.78172333E-05
   2.47473479E-04
   3.14196339E-04
   4.48543462E-04
   5.41669317E-04
   6.38284662E-04
   3.57141049E-04
   3.00440326E-04
   2.92280689E-04
   3.58437508E-04
   4.53557179E-04
   4.61013755E-04
   2.29476631E-04
   4.81794588E-04
   5.45481511E-04
   4.24890546E-04
   2.89599149E-04
   6.66238629E-05
   2.88191484E-04
   1.14422961E-04
   0.00000000    
   2.59867898E-04
   0.00000000    
   0.00000000    
   0.00000000    
   0.00000000    
   0.00000000    
   0.00000000    
   0.00000000    
   0.00000000    
   0.00000000    
   0.00000000    
   0.00000000    
   0.00000000    
   0.00000000    
   0.00000000    
   0.00000000    
   0.00000000    
   0.00000000    
   0.00000000    
   0.00000000    
   0.00000000    
   0.00000000    
   0.00000000    
   0.00000000    
   0.00000000    
   0.00000000    
   0.00000000    
   0.00000000    
   0.00000000    
   0.00000000    
   0.00000000    
   0.00000000    
   0.00000000    
   0.00000000    
   0.00000000    
   0.00000000    
   0.00000000    
   0.00000000    
   1.82779200E-04
   0.00000000    
   1.45229002E-04
   2.66150251E-04
   3.13285622E-04
   3.21612140E-04
   5.29157754E-04
   7.09192420E-04
   2.39629167E-04
   3.93172726E-04
   8.76759121E-04
   5.39931760E-04
   4.84076765E-04
   4.18462383E-04
   4.50819934E-04
   4.25401435E-04
   4.48796345E-04
   5.38642518E-04
   3.74965719E-04
   4.27376304E-04
   4.82748466E-04
   4.78827656E-04
   3.04005487E-04
   2.76567182E-04
   1.30509390E-04
   9.16732970E-05
   4.99716225E-05
   3.78331373E-04
   0.00000000    
   0.00000000    
   0.00000000    
   0.00000000    
   0.00000000    
   0.00000000    
   0.00000000    
   0.00000000    
   0.00000000    
   0.00000000    
   0.00000000    
   0.00000000    
   0.00000000    
   0.00000000    
   0.00000000    
   0.00000000    
   0.00000000    
   0.00000000    
   0.00000000    
   0.00000000    
   0.00000000    
   0.00000000    
   0.00000000    
   0.00000000    
   0.00000000    
   0.00000000    
   0.00000000    
   0.00000000    
   0.00000000    
   0.00000000    
   0.00000000    
   0.00000000    
   0.00000000    
   0.00000000    
   0.00000000    
   1.55098591E-04
   1.90551931E-04
   1.87492944E-04
   3.38551414E-04
   1.03725310E-04
   5.60048538E-05
   3.10951989E-04
   4.77547350E-04
   6.72345865E-04
   3.01033229E-04
   4.26531216E-04
   6.04074448E-04
   7.01184326E-04
   5.79947897E-04
   5.62583562E-04
   4.32557310E-04
   4.43959085E-04
   5.12308208E-04
   4.82241536E-04
   5.82272361E-04
   4.97489877E-04
   2.74966878E-04
   3.49955371E-04
   2.89147836E-04
   3.18216713E-04
   4.73961671E-04
   1.47637011E-05
   0.00000000    
   7.79132242E-05
   2.41879097E-04
   0.00000000    
   0.00000000    
   0.00000000    
   0.00000000    
   0.00000000    
   0.00000000    
   0.00000000    
   0.00000000    
   0.00000000    
   0.00000000    
   0.00000000    
   0.00000000    
   0.00000000    
   0.00000000    
   0.00000000    
   0.00000000    
   0.00000000    
   0.00000000    
   0.00000000    
   0.00000000    
   0.00000000    
   0.00000000    
   0.00000000    
   0.00000000    
   0.00000000    
   0.00000000    
   0.00000000    
   0.00000000    
   0.00000000    
   0.00000000    
   0.00000000    
   0.00000000    
   0.00000000    
   2.09830196E-05
   2.72145815E-04
   2.67022406E-04
   3.90755769E-04
   3.89447057E-04
   1.51307278E-04
   2.90257332E-04
   5.52386162E-04
   4.55861882E-04
   4.21285862E-04
   3.52788193E-04
   3.03604320E-04
   4.60450916E-04
   5.79617219E-04
   7.67615740E-04
   6.39788108E-04
   4.36377391E-04
   5.55222330E-04
   4.89468104E-04
   5.35783940E-04
   5.61086345E-04
   8.06852011E-04
   5.56913496E-04
   3.14733741E-04
   3.15138925E-04
   1.92566949E-04
   3.85282299E-04
   5.28859033E-04
   2.06211902E-04
   0.00000000    
   1.21698213E-04
   2.23596380E-05
   0.00000000    
   0.00000000    
   0.00000000    
   0.00000000    
   0.00000000    
   0.00000000    
   0.00000000    
   0.00000000    
   0.00000000    
   0.00000000    
   0.00000000    
   0.00000000    
   0.00000000    
   0.00000000    
   0.00000000    
   0.00000000    
   0.00000000    
   0.00000000    
   0.00000000    
   0.00000000    
   0.00000000    
   0.00000000    
   0.00000000    
   0.00000000    
   0.00000000    
   0.00000000    
   0.00000000    
   0.00000000    
   0.00000000    
   0.00000000    
   0.00000000    
   2.20286369E-04
   4.36083938E-05
   3.19007755E-04
   3.33432748E-04
   4.19982971E-04
   3.35619581E-04
   3.67907720E-04
   5.36790001E-04
   6.63614948E-04
   6.46996661E-04
   8.02111696E-04
   5.32635953E-04
   3.18924285E-04
   2.45584757E-04
   5.11669961E-04
   6.92622969E-04
   5.48236130E-04
   3.95538460E-04
   4.46457416E-04
   4.19747026E-04
   4.05701256E-04
   4.49076615E-04
   5.30568592E-04
   7.24080543E-04
   4.28865867E-04
   4.62188211E-04
   1.15891831E-04
   1.71761189E-04
   3.41576117E-04
   2.69782788E-04
   3.35448625E-04
   2.60345987E-04
   1.56299066E-04
   0.00000000    
   0.00000000    
   0.00000000    
   0.00000000    
   0.00000000    
   0.00000000    
   0.00000000    
   0.00000000    
   0.00000000    
   0.00000000    
   0.00000000    
   0.00000000    
   0.00000000    
   0.00000000    
   0.00000000    
   0.00000000    
   0.00000000    
   0.00000000    
   0.00000000    
   0.00000000    
   0.00000000    
   0.00000000    
   0.00000000    
   0.00000000    
   0.00000000    
   0.00000000    
   0.00000000    
   0.00000000    
   0.00000000    
   0.00000000    
   0.00000000    
   1.11243004E-04
   3.30972573E-04
   3.21082363E-04
   4.31944005E-04
   3.87309847E-04
   3.22441279E-04
   6.36059907E-04
   5.77065861E-04
   4.95103537E-04
   5.03311865E-04
   8.32761580E-04
   9.65706888E-04
   6.74306008E-04
   4.73804248E-04
   6.30207593E-04
   6.12272182E-04
   7.17749877E-04
   6.99392811E-04
   7.62567855E-04
   6.38378900E-04
   6.49748545E-04
   5.55666862E-04
   4.07688873E-04
   5.20955538E-04
   4.93587111E-04
   6.04891044E-04
   3.50777089E-04
   2.22069910E-04
   2.13134335E-04
   2.18411791E-04
   7.12121982E-05
   1.47307321E-04
   3.58927558E-04
   5.67311909E-05
   0.00000000    
   0.00000000    
   0.00000000    
   0.00000000    
   0.00000000    
   0.00000000    
   0.00000000    
   0.00000000    
   0.00000000    
   0.00000000    
   0.00000000    
   0.00000000    
   0.00000000    
   0.00000000    
   0.00000000    
   0.00000000    
   0.00000000    
   0.00000000    
   0.00000000    
   0.00000000    
   0.00000000    
   0.00000000    
   0.00000000    
   0.00000000    
   0.00000000    
   0.00000000    
   0.00000000    
   0.00000000    
   0.00000000    
   2.25133175E-04
   1.43525060E-04
   4.87586338E-04
   3.60884645E-04
   5.99831867E-04
   3.59130645E-04
   4.28602856E-04
   7.06279650E-04
   8.00893351E-04
   5.46579657E-04
   5.38663648E-04
   4.50459978E-04
   8.14582454E-04
   6.78082288E-04
   6.60742808E-04
   6.11640280E-04
   4.39609430E-04
   6.44021842E-04
   7.76573084E-04
   8.01365823E-04
   8.54225655E-04
   8.63412453E-04
   7.21268996E-04
   5.61473717E-04
   5.10713726E-04
   3.17581667E-04
   6.93664595E-04
   5.96958096E-04
   5.36617124E-04
   3.40090977E-04
   3.30255803E-04
   2.54093291E-04
   1.10911984E-04
   2.51776946E-04
   3.22556472E-04
   5.13248087E-05
   0.00000000    
   0.00000000    
   0.00000000    
   0.00000000    
   0.00000000    
   0.00000000    
   0.00000000    
   0.00000000    
   0.00000000    
   0.00000000    
   0.00000000    
   0.00000000    
   0.00000000    
   0.00000000    
   0.00000000    
   0.00000000    
   0.00000000    
   0.00000000    
   0.00000000    
   0.00000000    
   0.00000000    
   0.00000000    
   0.00000000    
   0.00000000    
   0.00000000    
   0.00000000    
   0.00000000    
   2.72657198E-04
   2.94097437E-04
   3.25256115E-04
   3.66077118E-04
   5.96504717E-04
   6.23264059E-04
   3.61385086E-04
   4.53081273E-04
   6.03099819E-04
   8.64653324E-04
   6.72211987E-04
   7.98594439E-04
   6.35618344E-04
   7.39813724E-04
   7.51078769E-04
   5.59500360E-04
   4.71747393E-04
   5.23958879E-04
   5.95961057E-04
   8.95649777E-04
   7.68407481E-04
   8.99699284E-04
   9.18366364E-04
   6.61532162E-04
   8.53601436E-04
   6.34137134E-04
   3.29205359E-04
   4.28299682E-04
   5.30109624E-04
   4.91983257E-04
   6.88931206E-04
   5.85847709E-04
   3.56704375E-04
   2.15448948E-04
   2.07270103E-04
   4.01482772E-04
   3.41553445E-04
   1.78079699E-05
   0.00000000    
   0.00000000    
   0.00000000    
   0.00000000    
   0.00000000    
   0.00000000    
   0.00000000    
   0.00000000    
   0.00000000    
   0.00000000    
   0.00000000    
   0.00000000    
   0.00000000    
   0.00000000    
   0.00000000    
   0.00000000    
   0.00000000    
   0.00000000    
   0.00000000    
   0.00000000    
   0.00000000    
   0.00000000    
   0.00000000    
   0.00000000    
   0.00000000    
   2.12302271E-04
   1.71769600E-04
   3.17834114E-04
   3.39933671E-04
   5.21482085E-04
   6.87086722E-04
   7.05781044E-04
   7.23053410E-04
   5.66185685E-04
   6.06001646E-04
   6.51212060E-04
   6.77739503E-04
   9.32539580E-04
   6.44511485E-04
   6.64550054E-04
   7.45545432E-04
   5.64594055E-04
   5.85068483E-04
   6.23156433E-04
   7.83399388E-04
   9.71173635E-04
   1.07934501E-03
   9.54540679E-04
   8.64509027E-04
   6.88574102E-04
   8.60306958E-04
   6.81353849E-04
   5.92672674E-04
   5.91014046E-04
   4.45634447E-04
   3.34363140E-04
   6.57307042E-04
   5.88308147E-04
   5.35445055E-04
   5.07904741E-04
   2.01433751E-04
   4.66440804E-04
   3.13367957E-04
   5.16405387E-04
   0.00000000    
   0.00000000    
   0.00000000    
   0.00000000    
   0.00000000    
   0.00000000    
   0.00000000    
   0.00000000    
   0.00000000    
   0.00000000    
   0.00000000    
   0.00000000    
   0.00000000    
   0.00000000    
   0.00000000    
   0.00000000    
   0.00000000    
   0.00000000    
   0.00000000    
   0.00000000    
   0.00000000    
   0.00000000    
   0.00000000    
   0.00000000    
   0.00000000    
   2.31318787E-04
   3.32614552E-04
   3.34194483E-04
   2.27873446E-04
   3.46192362E-04
   4.14904061E-04
   7.36464222E-04
   7.74677494E-04
   6.69130182E-04
   7.15807430E-04
   5.39438392E-04
   6.70938694E-04
   7.74479529E-04
   5.39510103E-04
   6.14095305E-04
   6.52350660E-04
   5.85218426E-04
   9.43115330E-04
   9.43153689E-04
   7.50412117E-04
   8.09208024E-04
   9.76783806E-04
   1.00604468E-03
   7.13923597E-04
   7.25514488E-04
   8.55049118E-04
   6.00123312E-04
   5.62889618E-04
   8.77199171E-04
   6.98640710E-04
   4.60071780E-04
   4.52919165E-04
   6.17062731E-04
   4.53336834E-04
   5.85023779E-04
   3.52562289E-04
   2.48508586E-04
   4.30135464E-04
   2.73281534E-04
   4.31134831E-04
   0.00000000    
   0.00000000    
   0.00000000    
   0.00000000    
   0.00000000    
   0.00000000    
   0.00000000    
   0.00000000    
   0.00000000    
   0.00000000    
   0.00000000    
   0.00000000    
   0.00000000    
   0.00000000    
   0.00000000    
   0.00000000    
   0.00000000    
   0.00000000    
   0.00000000    
   0.00000000    
   0.00000000    
   0.00000000    
   0.00000000    
   2.23344250E-04
   1.73815628E-04
   3.41425446E-04
   6.66496169E-04
   4.78736736E-04
   2.80460023E-04
   5.08896133E-04
   5.25227981E-04
   6.93688868E-04
   7.23014236E-04
   5.62339439E-04
   6.03409193E-04
   7.73450651E-04
   5.29870042E-04
   5.43983362E-04
   6.89535053E-04
   4.82878619E-04
   6.68311084E-04
   7.28766376E-04
   9.42317536E-04
   9.76299343E-04
   9.27013403E-04
   7.83514115E-04
   1.01136474E-03
   7.23438920E-04
   7.66887446E-04
   6.88596396E-04
   7.73810723E-04
   4.95070708E-04
   6.74319454E-04
   5.96153724E-04
   6.74815790E-04
   5.10778569E-04
   7.33610417E-04
   6.03310124E-04
   4.69783525E-04
   5.52714511E-04
   4.01325029E-04
   5.29017125E-04
   3.47392088E-05
   2.68930686E-04
   4.60927549E-05
   0.00000000    
   0.00000000    
   0.00000000    
   0.00000000    
   0.00000000    
   0.00000000    
   0.00000000    
   0.00000000    
   0.00000000    
   0.00000000    
   0.00000000    
   0.00000000    
   0.00000000    
   0.00000000    
   0.00000000    
   0.00000000    
   0.00000000    
   0.00000000    
   0.00000000    
   0.00000000    
   0.00000000    
   0.00000000    
   1.88626931E-04
   2.32416409E-04
   3.49136069E-04
   6.39267848E-04
   4.41372511E-04
   6.19710947E-04
   6.52025105E-04
   6.23652886E-04
   5.74356935E-04
   5.13819512E-04
   6.58104895E-04
   5.88667870E-04
   7.05860672E-04
   6.34445285E-04
   5.88694646E-04
   9.24696447E-04
   8.16241838E-04
   7.69787584E-04
   7.03141326E-04
   6.85735780E-04
   7.78427057E-04
   6.51074224E-04
   6.30539958E-04
   8.19324050E-04
   7.65619043E-04
   7.35300768E-04
   8.45526985E-04
   1.03771302E-03
   9.01319319E-04
   7.96386914E-04
   6.05860027E-04
   8.77040671E-04
   5.24569361E-04
   5.74730278E-04
   8.14187631E-04
   5.80862397E-04
   5.04774391E-04
   5.41933579E-04
   6.71687187E-04
   5.18747547E-04
   9.37006844E-05
   3.04086105E-04
   0.00000000    
   0.00000000    
   0.00000000    
   0.00000000    
   0.00000000    
   0.00000000    
   0.00000000    
   0.00000000    
   0.00000000    
   0.00000000    
   0.00000000    
   0.00000000    
   0.00000000    
   0.00000000    
   0.00000000    
   0.00000000    
   0.00000000    
   0.00000000    
   0.00000000    
   0.00000000    
   0.00000000    
   3.69945716E-04
   1.94219698E-04
   3.29642207E-04
   3.52737115E-04
   4.09538945E-04
   3.52522358E-04
   6.44922198E-04
   5.69304102E-04
   7.81700423E-04
   4.79632261E-04
   5.83257992E-04
   6.28052105E-04
   3.84593237E-04
   5.25127689E-04
   9.11843497E-04
   8.25590803E-04
   7.30776927E-04
   6.37065212E-04
   5.49548888E-04
   6.05505891E-04
   3.65822460E-04
   3.00239830E-04
   3.15607060E-04
   3.06468573E-04
   3.99947428E-04
   6.01775770E-04
   1.05523528E-03
   7.71215477E-04
   9.45782172E-04
   8.44997412E-04
   7.40549993E-04
   7.52911787E-04
   8.97150836E-04
   8.10082071E-04
   5.41923917E-04
   8.11438425E-04
   5.80599590E-04
   7.36837217E-04
   4.74144384E-04
   5.55816048E-04
   8.72296398E-04
   3.66202439E-04
   2.72022182E-04
   0.00000000    
   0.00000000    
   0.00000000    
   0.00000000    
   0.00000000    
   0.00000000    
   0.00000000    
   0.00000000    
   0.00000000    
   0.00000000    
   0.00000000    
   0.00000000    
   0.00000000    
   0.00000000    
   0.00000000    
   0.00000000    
   0.00000000    
   0.00000000    
   0.00000000    
   0.00000000    
   0.00000000    
   1.06779771E-04
   3.21992498E-04
   5.49136836E-04
   1.95133820E-04
   3.94082192E-04
   4.19921183E-04
   5.03685966E-04
   6.59973361E-04
   5.63542475E-04
   6.84477563E-04
   5.38641296E-04
   3.70174297E-04
   4.21061850E-04
   6.33225660E-04
   9.58346354E-04
   9.73923714E-04
   8.49833887E-04
   3.56728211E-04
   1.31115914E-04
   0.00000000    
   0.00000000    
   0.00000000    
   0.00000000    
   0.00000000    
   6.76312120E-05
   2.65021226E-04
   8.29935248E-04
   8.87859496E-04
   9.86877363E-04
   9.72268987E-04
   9.48681089E-04
   6.32340263E-04
   6.73391914E-04
   9.16495279E-04
   5.86420181E-04
   6.21122774E-04
   5.77027968E-04
   7.60757015E-04
   4.70401079E-04
   3.32595082E-04
   7.47918675E-04
   4.64227895E-04
   2.03345771E-04
   3.95306095E-04
   0.00000000    
   0.00000000    
   0.00000000    
   0.00000000    
   0.00000000    
   0.00000000    
   0.00000000    
   0.00000000    
   0.00000000    
   0.00000000    
   0.00000000    
   0.00000000    
   0.00000000    
   0.00000000    
   0.00000000    
   0.00000000    
   0.00000000    
   0.00000000    
   0.00000000    
   1.50785461E-04
   6.90492016E-05
   4.53052315E-04
   5.59242268E-04
   3.92529269E-04
   3.89328314E-04
   4.81561292E-04
   6.02307671E-04
   7.64613738E-04
   4.88268590E-04
   7.34677014E-04
   7.21689139E-04
   5.85468777E-04
   5.10950806E-04
   8.01060756E-04
   1.05419348E-03
   9.40205704E-04
   3.56145640E-04
   0.00000000    
   0.00000000    
   0.00000000    
   0.00000000    
   0.00000000    
   0.00000000    
   0.00000000    
   0.00000000    
   3.35013065E-05
   1.11741581E-04
   4.04888444E-04
   8.60828033E-04
   1.10891170E-03
   1.17135432E-03
   9.41801292E-04
   8.44516908E-04
   8.37163185E-04
   7.72741099E-04
   7.89513113E-04
   6.47692068E-04
   7.16262904E-04
   7.21388962E-04
   5.31094323E-04
   6.87804422E-04
   5.55231469E-04
   3.60944396E-04
   1.94109423E-04
   2.80959125E-06
   0.00000000    
   0.00000000    
   0.00000000    
   0.00000000    
   0.00000000    
   0.00000000    
   0.00000000    
   0.00000000    
   0.00000000    
   0.00000000    
   0.00000000    
   0.00000000    
   0.00000000    
   0.00000000    
   0.00000000    
   0.00000000    
   0.00000000    
   0.00000000    
   7.24920174E-05
   1.22574012E-04
   3.98133328E-04
   5.11733175E-04
   4.80042218E-04
   3.86073312E-04
   5.44141745E-04
   7.33185909E-04
   7.71563675E-04
   6.02810876E-04
   8.45460454E-04
   7.32920074E-04
   5.55814244E-04
   5.24396310E-04
   1.04199036E-03
   6.19879051E-04
   1.71100735E-04
   6.75086194E-05
   0.00000000    
   0.00000000    
   0.00000000    
   0.00000000    
   0.00000000    
   0.00000000    
   0.00000000    
   0.00000000    
   0.00000000    
   0.00000000    
   0.00000000    
   4.18872951E-04
   9.84705635E-04
   9.44171159E-04
   8.50684999E-04
   6.98232499E-04
   9.28095018E-04
   6.65779866E-04
   8.05956428E-04
   7.01775250E-04
   6.23486005E-04
   5.87438757E-04
   7.29271036E-04
   6.44574349E-04
   7.05269806E-04
   4.09795000E-04
   2.15819746E-04
   2.30840160E-04
   0.00000000    
   0.00000000    
   0.00000000    
   0.00000000    
   0.00000000    
   0.00000000    
   0.00000000    
   0.00000000    
   0.00000000    
   0.00000000    
   0.00000000    
   0.00000000    
   0.00000000    
   0.00000000    
   0.00000000    
   0.00000000    
   0.00000000    
   7.36139264E-05
   0.00000000    
   3.98299802E-04
   2.76695326E-04
   4.42245888E-04
   3.64717795E-04
   5.74001984E-04
   6.73438597E-04
   7.31588283E-04
   5.88104303E-04
   9.67197178E-04
   8.73427838E-04
   7.86848657E-04
   8.09584337E-04
   9.38999350E-04
   7.50834879E-04
   2.09544334E-04
   0.00000000    
   0.00000000    
   0.00000000    
   0.00000000    
   0.00000000    
   0.00000000    
   0.00000000    
   0.00000000    
   0.00000000    
   0.00000000    
   0.00000000    
   0.00000000    
   0.00000000    
   4.01548750E-05
   5.72921708E-04
   9.30573966E-04
   6.70138455E-04
   5.56485029E-04
   8.71748780E-04
   7.82750605E-04
   6.63850165E-04
   7.17081828E-04
   5.69311902E-04
   4.44504956E-04
   7.32853776E-04
   5.65346330E-04
   5.96512924E-04
   5.87734685E-04
   2.29557132E-04
   2.40744179E-04
   0.00000000    
   0.00000000    
   0.00000000    
   0.00000000    
   0.00000000    
   0.00000000    
   0.00000000    
   0.00000000    
   0.00000000    
   0.00000000    
   0.00000000    
   0.00000000    
   0.00000000    
   0.00000000    
   0.00000000    
   0.00000000    
   0.00000000    
   2.69548997E-04
   3.99355304E-05
   3.70572903E-04
   3.75990581E-04
   4.89213096E-04
   1.53898538E-04
   7.87248136E-04
   6.75072894E-04
   8.45158007E-04
   7.84723437E-04
   9.22122970E-04
   8.44942522E-04
   8.13792227E-04
   9.04351531E-04
   1.02365145E-03
   4.60993033E-04
   2.71960562E-06
   0.00000000    
   0.00000000    
   0.00000000    
   0.00000000    
   0.00000000    
   0.00000000    
   0.00000000    
   0.00000000    
   0.00000000    
   0.00000000    
   0.00000000    
   0.00000000    
   0.00000000    
   0.00000000    
   1.53042332E-04
   8.32397200E-04
   5.66923874E-04
   5.89141506E-04
   6.89746113E-04
   8.16072919E-04
   6.41754828E-04
   7.92222447E-04
   6.04485918E-04
   4.29105276E-04
   6.77885604E-04
   5.23723837E-04
   5.49925491E-04
   3.56923993E-04
   4.81724681E-04
   1.54160312E-04
   0.00000000    
   0.00000000    
   0.00000000    
   0.00000000    
   0.00000000    
   0.00000000    
   0.00000000    
   0.00000000    
   0.00000000    
   0.00000000    
   0.00000000    
   0.00000000    
   0.00000000    
   0.00000000    
   0.00000000    
   0.00000000    
   0.00000000    
   5.25280309E-04
   3.66024731E-04
   3.50152986E-04
   3.45525244E-04
   4.72925894E-04
   3.96551564E-04
   5.77964413E-04
   7.34713103E-04
   8.70716991E-04
   1.03003532E-03
   7.72915373E-04
   1.04302785E-03
   9.02945350E-04
   9.57604498E-04
   7.46653008E-04
   2.07893972E-04
   0.00000000    
   0.00000000    
   0.00000000    
   0.00000000    
   0.00000000    
   0.00000000    
   0.00000000    
   0.00000000    
   0.00000000    
   0.00000000    
   0.00000000    
   0.00000000    
   0.00000000    
   0.00000000    
   0.00000000    
   0.00000000    
   4.61729214E-04
   6.65189116E-04
   7.08544510E-04
   8.00617039E-04
   7.25908380E-04
   6.88457571E-04
   8.14232277E-04
   6.22955617E-04
   5.24815812E-04
   7.63934688E-04
   4.77979600E-04
   7.91362720E-04
   2.14686908E-04
   2.96548154E-04
   1.14478345E-04
   1.15522933E-04
   0.00000000    
   0.00000000    
   0.00000000    
   0.00000000    
   0.00000000    
   0.00000000    
   0.00000000    
   0.00000000    
   0.00000000    
   0.00000000    
   0.00000000    
   0.00000000    
   0.00000000    
   0.00000000    
   0.00000000    
   0.00000000    
   1.71768799E-04
   5.00002177E-04
   5.17743407E-04
   4.34106973E-04
   4.35226102E-04
   7.58418115E-04
   5.05943433E-04
   7.23153353E-04
   7.63599179E-04
   8.94834462E-04
   9.30782699E-04
   1.06421974E-03
   1.03476783E-03
   9.43456020E-04
   6.79958146E-04
   1.81967276E-04
   0.00000000    
   0.00000000    
   0.00000000    
   0.00000000    
   0.00000000    
   0.00000000    
   0.00000000    
   0.00000000    
   0.00000000    
   0.00000000    
   0.00000000    
   0.00000000    
   0.00000000    
   0.00000000    
   0.00000000    
   0.00000000    
   1.17452408E-04
   6.90988556E-04
   7.80418573E-04
   8.26136384E-04
   9.16033343E-04
   7.62718788E-04
   8.05431337E-04
   8.49324162E-04
   5.96101512E-04
   7.55898131E-04
   5.38424472E-04
   9.33391100E-04
   5.86911337E-04
   3.40940605E-04
   6.11732030E-05
   1.89261293E-04
   0.00000000    
   0.00000000    
   0.00000000    
   0.00000000    
   0.00000000    
   0.00000000    
   0.00000000    
   0.00000000    
   0.00000000    
   0.00000000    
   0.00000000    
   0.00000000    
   0.00000000    
   0.00000000    
   0.00000000    
   0.00000000    
   1.69790001E-04
   3.77963908E-04
   4.51344124E-04
   3.07882845E-04
   4.68066079E-04
   7.44293677E-04
   6.42637140E-04
   7.14779715E-04
   6.75062183E-04
   6.65255124E-04
   1.06968032E-03
   9.55248892E-04
   1.04426150E-03
   8.74315621E-04
   4.27283754E-04
   0.00000000    
   0.00000000    
   0.00000000    
   0.00000000    
   0.00000000    
   0.00000000    
   0.00000000    
   0.00000000    
   0.00000000    
   0.00000000    
   0.00000000    
   0.00000000    
   0.00000000    
   0.00000000    
   0.00000000    
   0.00000000    
   0.00000000    
   0.00000000    
   3.41035455E-04
   7.22155033E-04
   6.05228008E-04
   1.04784325E-03
   6.61302125E-04
   7.98317895E-04
   9.60626756E-04
   8.69075768E-04
   7.32438348E-04
   4.72370710E-04
   6.77706383E-04
   6.81487436E-04
   5.31139958E-04
   2.45933887E-04
   1.99352842E-04
   0.00000000    
   0.00000000    
   0.00000000    
   0.00000000    
   0.00000000    
   0.00000000    
   0.00000000    
   0.00000000    
   0.00000000    
   0.00000000    
   0.00000000    
   0.00000000    
   0.00000000    
   0.00000000    
   0.00000000    
   1.60104944E-04
   2.81459681E-04
   4.03316808E-04
   6.07269118E-04
   4.01501689E-04
   5.25195908E-04
   7.69467501E-04
   7.03756814E-04
   8.05316668E-04
   7.95636675E-04
   7.07169762E-04
   1.14477659E-03
   1.13199570E-03
   8.93092307E-04
   8.29111610E-04
   3.22245207E-04
   0.00000000    
   0.00000000    
   0.00000000    
   0.00000000    
   0.00000000    
   0.00000000    
   0.00000000    
   0.00000000    
   0.00000000    
   0.00000000    
   0.00000000    
   0.00000000    
   0.00000000    
   0.00000000    
   0.00000000    
   0.00000000    
   0.00000000    
   0.00000000    
   3.21874220E-04
   5.91115037E-04
   7.87719444E-04
   8.67379829E-04
   5.48272161E-04
   6.71536371E-04
   8.57038947E-04
   1.13383692E-03
   1.07603660E-03
   8.56672355E-04
   5.73289813E-04
   5.87778515E-04
   3.81538674E-04
   4.40343632E-04
   2.57881708E-04
   0.00000000    
   0.00000000    
   0.00000000    
   0.00000000    
   0.00000000    
   0.00000000    
   0.00000000    
   0.00000000    
   0.00000000    
   0.00000000    
   0.00000000    
   0.00000000    
   0.00000000    
   0.00000000    
   0.00000000    
   2.98283383E-04
   2.88019190E-04
   2.83039088E-04
   5.47990319E-04
   4.94143344E-04
   6.13966957E-04
   6.70287700E-04
   6.42596802E-04
   6.30020979E-04
   7.05808634E-04
   9.22820996E-04
   9.89300665E-04
   1.01285602E-03
   7.34218513E-04
   8.79179279E-04
   3.29236180E-04
   0.00000000    
   0.00000000    
   0.00000000    
   0.00000000    
   0.00000000    
   0.00000000    
   0.00000000    
   0.00000000    
   0.00000000    
   0.00000000    
   0.00000000    
   0.00000000    
   0.00000000    
   0.00000000    
   0.00000000    
   0.00000000    
   0.00000000    
   0.00000000    
   1.52776862E-04
   5.00963652E-04
   8.52538680E-04
   9.24845401E-04
   5.73227298E-04
   6.81897625E-04
   5.27701632E-04
   7.46501435E-04
   9.53704875E-04
   1.05369277E-03
   7.56917812E-04
   7.53478729E-04
   4.03046521E-04
   3.58994002E-04
   4.03185550E-04
   2.48893157E-05
   0.00000000    
   0.00000000    
   0.00000000    
   0.00000000    
   0.00000000    
   0.00000000    
   0.00000000    
   0.00000000    
   0.00000000    
   0.00000000    
   0.00000000    
   0.00000000    
   0.00000000    
   0.00000000    
   3.38539918E-04
   3.99950397E-04
   3.82405269E-04
   4.32967645E-04
   4.07707033E-04
   7.46178615E-04
   7.02328689E-04
   7.20966142E-04
   6.85766223E-04
   9.64564795E-04
   7.36987626E-04
   8.40666064E-04
   1.06042926E-03
   8.67742347E-04
   5.83617890E-04
   1.10642097E-04
   0.00000000    
   0.00000000    
   0.00000000    
   0.00000000    
   0.00000000    
   0.00000000    
   0.00000000    
   0.00000000    
   0.00000000    
   0.00000000    
   0.00000000    
   0.00000000    
   0.00000000    
   0.00000000    
   0.00000000    
   0.00000000    
   0.00000000    
   0.00000000    
   3.08526287E-05
   4.35462483E-04
   7.77118956E-04
   9.48505593E-04
   7.12825917E-04
   8.14848405E-04
   6.75052754E-04
   4.91041807E-04
   6.91601133E-04
   7.89796410E-04
   6.71315822E-04
   7.52128661E-04
   4.07377782E-04
   2.63718830E-04
   3.28784168E-04
   2.35781408E-04
   0.00000000    
   0.00000000    
   0.00000000    
   0.00000000    
   0.00000000    
   0.00000000    
   0.00000000    
   0.00000000    
   0.00000000    
   0.00000000    
   0.00000000    
   0.00000000    
   0.00000000    
   0.00000000    
   1.89808183E-04
   4.05115919E-04
   3.19093000E-04
   6.18182297E-04
   2.86843744E-04
   6.66532665E-04
   6.40655519E-04
   6.23097352E-04
   7.04740873E-04
   8.85533635E-04
   8.95490753E-04
   1.01214461E-03
   9.56942909E-04
   8.86718452E-04
   4.26502374E-04
   0.00000000    
   0.00000000    
   0.00000000    
   0.00000000    
   0.00000000    
   0.00000000    
   0.00000000    
   0.00000000    
   0.00000000    
   0.00000000    
   0.00000000    
   0.00000000    
   0.00000000    
   0.00000000    
   0.00000000    
   0.00000000    
   0.00000000    
   0.00000000    
   0.00000000    
   7.94903171E-05
   5.97521896E-04
   9.28476162E-04
   8.46497831E-04
   9.36493510E-04
   1.06938509E-03
   8.78641906E-04
   6.36244833E-04
   7.37376395E-04
   6.05779584E-04
   6.66162756E-04
   6.63685438E-04
   4.75206558E-04
   1.22301106E-04
   5.80554224E-05
   1.93251937E-04
   0.00000000    
   0.00000000    
   0.00000000    
   0.00000000    
   0.00000000    
   0.00000000    
   0.00000000    
   0.00000000    
   0.00000000    
   0.00000000    
   0.00000000    
   0.00000000    
   0.00000000    
   0.00000000    
   2.28298013E-04
   4.06477309E-04
   4.03971033E-04
   6.15341647E-04
   4.93382569E-04
   6.19309023E-04
   5.81330445E-04
   5.72047720E-04
   9.21383675E-04
   6.42130559E-04
   1.03158550E-03
   1.11711933E-03
   8.69058422E-04
   8.06047407E-04
   6.22462947E-04
   7.04941995E-05
   0.00000000    
   0.00000000    
   0.00000000    
   0.00000000    
   0.00000000    
   0.00000000    
   0.00000000    
   0.00000000    
   0.00000000    
   0.00000000    
   0.00000000    
   0.00000000    
   0.00000000    
   0.00000000    
   0.00000000    
   0.00000000    
   0.00000000    
   0.00000000    
   3.43604406E-05
   6.80881145E-04
   9.87721607E-04
   8.92958371E-04
   9.77432472E-04
   9.84656974E-04
   1.04640832E-03
   9.98506555E-04
   9.96178365E-04
   8.18576897E-04
   6.66560081E-04
   7.29367370E-04
   6.22160384E-04
   3.32632510E-04
   8.99586375E-05
   7.07440558E-05
   0.00000000    
   0.00000000    
   0.00000000    
   0.00000000    
   0.00000000    
   0.00000000    
   0.00000000    
   0.00000000    
   0.00000000    
   0.00000000    
   0.00000000    
   0.00000000    
   0.00000000    
   0.00000000    
   3.30329116E-04
   3.11271928E-04
   4.67035687E-04
   6.41253369E-04
   6.13499840E-04
   5.82115375E-04
   6.07156369E-04
   5.35468804E-04
   6.90950255E-04
   5.62197412E-04
   1.03383989E-03
   9.39844118E-04
   7.75104272E-04
   7.87085097E-04
   6.63360581E-04
   1.71302687E-04
   0.00000000    
   0.00000000    
   0.00000000    
   0.00000000    
   0.00000000    
   0.00000000    
   0.00000000    
   0.00000000    
   0.00000000    
   0.00000000    
   0.00000000    
   0.00000000    
   0.00000000    
   0.00000000    
   0.00000000    
   0.00000000    
   0.00000000    
   0.00000000    
   1.34831804E-04
   5.36690000E-04
   9.00470535E-04
   1.20944809E-03
   8.37402768E-04
   6.43501815E-04
   9.36846540E-04
   9.70927824E-04
   9.69598710E-04
   9.58746648E-04
   5.99860912E-04
   7.12710258E-04
   5.41051966E-04
   3.60982638E-04
   1.61161952E-04
   1.71693406E-04
   0.00000000    
   0.00000000    
   0.00000000    
   0.00000000    
   0.00000000    
   0.00000000    
   0.00000000    
   0.00000000    
   0.00000000    
   0.00000000    
   0.00000000    
   0.00000000    
   0.00000000    
   0.00000000    
   7.02849429E-05
   2.56111787E-04
   2.62213143E-04
   5.52970218E-04
   7.84511562E-04
   7.41215365E-04
   6.48726011E-04
   6.83257880E-04
   7.31316919E-04
   8.20968125E-04
   8.38189037E-04
   8.22510221E-04
   9.23954649E-04
   8.12907296E-04
   5.31149213E-04
   7.81132621E-05
   0.00000000    
   0.00000000    
   0.00000000    
   0.00000000    
   0.00000000    
   0.00000000    
   0.00000000    
   0.00000000    
   0.00000000    
   0.00000000    
   0.00000000    
   0.00000000    
   0.00000000    
   0.00000000    
   0.00000000    
   0.00000000    
   0.00000000    
   0.00000000    
   1.46533363E-04
   6.68257766E-04
   1.04818062E-03
   9.90558416E-04
   7.39849405E-04
   7.11710833E-04
   9.43864346E-04
   8.82084132E-04
   8.75529367E-04
   8.86542723E-04
   6.92248344E-04
   8.38533801E-04
   5.34485967E-04
   4.39679978E-04
   1.30378306E-04
   2.01127390E-04
   0.00000000    
   0.00000000    
   0.00000000    
   0.00000000    
   0.00000000    
   0.00000000    
   0.00000000    
   0.00000000    
   0.00000000    
   0.00000000    
   0.00000000    
   0.00000000    
   0.00000000    
   0.00000000    
   0.00000000    
   3.87038541E-04
   1.75851790E-04
   2.87730218E-04
   5.81602391E-04
   6.62043050E-04
   7.31370354E-04
   5.55938052E-04
   6.32769370E-04
   9.55441501E-04
   9.37108416E-04
   8.27018928E-04
   8.93641904E-04
   9.61596554E-04
   7.63034797E-04
   1.47930390E-04
   0.00000000    
   0.00000000    
   0.00000000    
   0.00000000    
   0.00000000    
   0.00000000    
   0.00000000    
   0.00000000    
   0.00000000    
   0.00000000    
   0.00000000    
   0.00000000    
   0.00000000    
   0.00000000    
   0.00000000    
   0.00000000    
   0.00000000    
   0.00000000    
   1.70253043E-04
   7.47704529E-04
   7.97737506E-04
   7.69630657E-04
   7.85927405E-04
   5.38836000E-04
   9.69702262E-04
   7.83817493E-04
   6.61911326E-04
   6.78300799E-04
   5.87611168E-04
   4.58183145E-04
   4.64706885E-04
   4.62763972E-04
   2.84652197E-04
   2.16559914E-04
   0.00000000    
   0.00000000    
   0.00000000    
   0.00000000    
   0.00000000    
   0.00000000    
   0.00000000    
   0.00000000    
   0.00000000    
   0.00000000    
   0.00000000    
   0.00000000    
   0.00000000    
   0.00000000    
   0.00000000    
   3.75378382E-04
   4.17814765E-04
   3.35811637E-04
   5.35204657E-04
   5.83398039E-04
   6.85423205E-04
   5.23758470E-04
   6.00934727E-04
   9.97701660E-04
   8.82311026E-04
   7.43220095E-04
   7.31746084E-04
   9.95192095E-04
   1.18286256E-03
   6.51111302E-04
   8.66082773E-05
   0.00000000    
   0.00000000    
   0.00000000    
   0.00000000    
   0.00000000    
   0.00000000    
   0.00000000    
   0.00000000    
   0.00000000    
   0.00000000    
   0.00000000    
   0.00000000    
   0.00000000    
   0.00000000    
   0.00000000    
   0.00000000    
   0.00000000    
   1.98632348E-04
   8.95272067E-04
   7.81209965E-04
   6.19680912E-04
   8.70531716E-04
   8.55916936E-04
   7.76113768E-04
   5.60666434E-04
   6.43493840E-04
   4.34041576E-04
   7.98921566E-04
   1.86473990E-04
   2.52242258E-04
   2.07310411E-04
   2.35956933E-04
   1.29345193E-04
   0.00000000    
   0.00000000    
   0.00000000    
   0.00000000    
   0.00000000    
   0.00000000    
   0.00000000    
   0.00000000    
   0.00000000    
   0.00000000    
   0.00000000    
   0.00000000    
   0.00000000    
   0.00000000    
   0.00000000    
   2.01039889E-04
   3.84258718E-04
   2.77473504E-04
   5.53047750E-04
   6.01879437E-04
   6.77926757E-04
   5.88380499E-04
   5.87093818E-04
   1.02006667E-03
   1.13220350E-03
   6.71821239E-04
   8.52160563E-04
   8.18305358E-04
   1.17342977E-03
   1.02202885E-03
   2.16727844E-04
   0.00000000    
   0.00000000    
   0.00000000    
   0.00000000    
   0.00000000    
   0.00000000    
   0.00000000    
   0.00000000    
   0.00000000    
   0.00000000    
   0.00000000    
   0.00000000    
   0.00000000    
   0.00000000    
   0.00000000    
   0.00000000    
   0.00000000    
   2.99002655E-04
   7.94505992E-04
   8.46227689E-04
   9.26521432E-04
   7.87162862E-04
   1.10764930E-03
   6.16723788E-04
   6.63502316E-04
   6.06315501E-04
   5.09206497E-04
   6.43622829E-04
   1.89261234E-04
   9.81218036E-05
   0.00000000    
   1.56446506E-04
   0.00000000    
   0.00000000    
   0.00000000    
   0.00000000    
   0.00000000    
   0.00000000    
   0.00000000    
   0.00000000    
   0.00000000    
   0.00000000    
   0.00000000    
   0.00000000    
   0.00000000    
   0.00000000    
   0.00000000    
   0.00000000    
   1.13028349E-04
   2.26025295E-04
   4.66200057E-04
   3.01192340E-04
   4.78351139E-04
   5.17273904E-04
   5.66565432E-04
   4.70093073E-04
   7.76781351E-04
   9.35329415E-04
   7.89433892E-04
   1.01392379E-03
   8.73869518E-04
   1.11338042E-03
   1.04525103E-03
   2.94555590E-04
   0.00000000    
   0.00000000    
   0.00000000    
   0.00000000    
   0.00000000    
   0.00000000    
   0.00000000    
   0.00000000    
   0.00000000    
   0.00000000    
   0.00000000    
   0.00000000    
   0.00000000    
   0.00000000    
   0.00000000    
   0.00000000    
   1.16579133E-04
   5.98807470E-04
   8.60736822E-04
   1.14982144E-03
   1.07865839E-03
   8.44106893E-04
   8.91350734E-04
   5.03486255E-04
   7.86100805E-04
   6.87576365E-04
   9.20498103E-04
   4.48612322E-04
   4.56535578E-04
   2.50381156E-04
   0.00000000    
   1.56846974E-04
   0.00000000    
   0.00000000    
   0.00000000    
   0.00000000    
   0.00000000    
   0.00000000    
   0.00000000    
   0.00000000    
   0.00000000    
   0.00000000    
   0.00000000    
   0.00000000    
   0.00000000    
   0.00000000    
   0.00000000    
   0.00000000    
   1.74513707E-06
   0.00000000    
   5.91614225E-04
   5.80559601E-04
   5.27813681E-04
   4.72182757E-04
   5.62508067E-04
   5.48163080E-04
   7.34810077E-04
   8.74344551E-04
   8.23369133E-04
   1.03268435E-03
   8.40872410E-04
   1.10989076E-03
   1.07641250E-03
   3.52827017E-04
   1.04189370E-04
   0.00000000    
   0.00000000    
   0.00000000    
   0.00000000    
   0.00000000    
   0.00000000    
   0.00000000    
   0.00000000    
   0.00000000    
   0.00000000    
   0.00000000    
   0.00000000    
   0.00000000    
   0.00000000    
   8.94902696E-05
   5.25997835E-04
   9.46607499E-04
   1.00556365E-03
   1.26662827E-03
   1.05681631E-03
   8.74683843E-04
   6.19106053E-04
   5.08995261E-04
   4.51660570E-04
   7.95526721E-04
   1.03532651E-03
   4.76848800E-04
   5.61384368E-04
   4.54840978E-04
   8.35817482E-05
   2.13403022E-04
   0.00000000    
   0.00000000    
   0.00000000    
   0.00000000    
   0.00000000    
   0.00000000    
   0.00000000    
   0.00000000    
   0.00000000    
   0.00000000    
   0.00000000    
   0.00000000    
   0.00000000    
   0.00000000    
   0.00000000    
   0.00000000    
   0.00000000    
   0.00000000    
   5.67984593E-04
   2.77792220E-04
   5.62010915E-04
   5.96660480E-04
   5.13053557E-04
   5.28205419E-04
   5.26224903E-04
   7.51062064E-04
   9.77730961E-04
   1.19278848E-03
   7.89367477E-04
   9.54376766E-04
   1.10656105E-03
   7.79508322E-04
   2.89821590E-04
   0.00000000    
   0.00000000    
   0.00000000    
   0.00000000    
   0.00000000    
   0.00000000    
   0.00000000    
   0.00000000    
   0.00000000    
   0.00000000    
   0.00000000    
   0.00000000    
   0.00000000    
   0.00000000    
   3.77252960E-04
   9.43357067E-04
   1.24714733E-03
   1.06046838E-03
   1.01224636E-03
   8.51044548E-04
   8.52093915E-04
   3.66360851E-04
   4.07509709E-04
   3.07922368E-04
   5.58280502E-04
   5.70660864E-04
   4.03200713E-04
   5.04350872E-04
   2.47536111E-04
   2.63230177E-04
   0.00000000    
   0.00000000    
   0.00000000    
   0.00000000    
   0.00000000    
   0.00000000    
   0.00000000    
   0.00000000    
   0.00000000    
   0.00000000    
   0.00000000    
   0.00000000    
   0.00000000    
   0.00000000    
   0.00000000    
   0.00000000    
   0.00000000    
   0.00000000    
   3.14649187E-05
   3.55655706E-04
   5.29970217E-04
   3.08459334E-04
   4.90535051E-04
   5.06379758E-04
   4.73848777E-04
   5.93027857E-04
   4.43014083E-04
   7.33422406E-04
   1.09514734E-03
   6.93416339E-04
   9.24797729E-04
   1.46760186E-03
   1.03061670E-03
   6.81487203E-04
   2.60656292E-04
   0.00000000    
   0.00000000    
   0.00000000    
   0.00000000    
   0.00000000    
   0.00000000    
   0.00000000    
   0.00000000    
   0.00000000    
   0.00000000    
   0.00000000    
   0.00000000    
   1.91344763E-04
   6.90354791E-04
   1.15673651E-03
   1.02623377E-03
   1.04569620E-03
   7.47220125E-04
   1.01781089E-03
   8.74226156E-04
   6.03935739E-04
   3.89416207E-04
   5.45403338E-04
   3.80181300E-04
   4.40093980E-04
   4.10797977E-04
   3.11021169E-04
   7.39621173E-05
   3.96637042E-04
   0.00000000    
   0.00000000    
   0.00000000    
   0.00000000    
   0.00000000    
   0.00000000    
   0.00000000    
   0.00000000    
   0.00000000    
   0.00000000    
   0.00000000    
   0.00000000    
   0.00000000    
   0.00000000    
   0.00000000    
   0.00000000    
   0.00000000    
   0.00000000    
   2.21838345E-04
   0.00000000    
   6.80860132E-04
   5.05815027E-04
   6.96449657E-04
   4.62059630E-04
   6.23552653E-04
   4.26089071E-04
   6.23866101E-04
   6.72376074E-04
   7.93791492E-04
   5.11465303E-04
   7.58499664E-04
   1.08979375E-03
   1.00291590E-03
   1.11368846E-03
   8.15740728E-04
   3.69674584E-04
   6.85061459E-05
   0.00000000    
   0.00000000    
   0.00000000    
   0.00000000    
   0.00000000    
   0.00000000    
   0.00000000    
   0.00000000    
   0.00000000    
   2.11428167E-04
   6.88905362E-04
   6.94216520E-04
   6.41469378E-04
   9.81906895E-04
   1.00122392E-03
   6.79337943E-04
   7.79474736E-04
   5.27002907E-04
   6.11605821E-04
   5.36210428E-04
   5.83753281E-04
   3.37362755E-04
   4.01897618E-04
   5.31474652E-04
   1.00597274E-04
   1.78571368E-04
   2.86141421E-05
   0.00000000    
   0.00000000    
   0.00000000    
   0.00000000    
   0.00000000    
   0.00000000    
   0.00000000    
   0.00000000    
   0.00000000    
   0.00000000    
   0.00000000    
   0.00000000    
   0.00000000    
   0.00000000    
   0.00000000    
   0.00000000    
   0.00000000    
   0.00000000    
   0.00000000    
   0.00000000    
   4.94070526E-04
   4.04069200E-04
   6.64453430E-04
   7.46659818E-04
   6.81680453E-04
   8.21295136E-04
   5.29913930E-04
   6.67440414E-04
   7.70122628E-04
   6.46904809E-04
   7.51607819E-04
   9.67829896E-04
   9.77541553E-04
   9.40080849E-04
   9.50121670E-04
   1.04087207E-03
   7.80265022E-04
   2.79105414E-04
   1.46271501E-04
   0.00000000    
   0.00000000    
   2.66734005E-05
   0.00000000    
   0.00000000    
   2.01279327E-04
   5.00739028E-04
   6.88349828E-04
   4.69008140E-04
   7.11176719E-04
   8.15114356E-04
   7.47713377E-04
   8.20465619E-04
   9.31028975E-04
   6.27543486E-04
   5.34319493E-04
   6.91181340E-04
   2.54063518E-04
   1.99281683E-04
   2.42123657E-04
   7.10502907E-04
   3.45209643E-04
   1.99981965E-04
   2.40918685E-04
   0.00000000    
   0.00000000    
   0.00000000    
   0.00000000    
   0.00000000    
   0.00000000    
   0.00000000    
   0.00000000    
   0.00000000    
   0.00000000    
   0.00000000    
   0.00000000    
   0.00000000    
   0.00000000    
   0.00000000    
   0.00000000    
   0.00000000    
   0.00000000    
   0.00000000    
   0.00000000    
   2.90268625E-04
   2.00632348E-04
   4.50314459E-04
   3.71682661E-04
   6.22368651E-04
   4.55804227E-04
   8.96100421E-04
   9.25741973E-04
   6.41998195E-04
   6.84754748E-04
   5.98690123E-04
   8.36766732E-04
   1.04944967E-03
   1.04198267E-03
   9.45269421E-04
   8.36589781E-04
   1.20532617E-03
   1.22930435E-03
   7.79956637E-04
   5.40466979E-04
   2.88212876E-04
   2.50847108E-04
   1.86416088E-04
   1.99246439E-04
   4.33721754E-04
   6.37428020E-04
   7.27931969E-04
   7.08593754E-04
   6.42574683E-04
   7.76758941E-04
   7.64278695E-04
   7.77737296E-04
   6.12098316E-04
   8.50189943E-04
   8.90646363E-04
   7.97940826E-04
   7.91977684E-04
   4.97623638E-04
   0.00000000    
   2.90644442E-04
   5.63758949E-04
   1.51734581E-04
   4.77049733E-04
   9.00497253E-05
   0.00000000    
   0.00000000    
   0.00000000    
   0.00000000    
   0.00000000    
   0.00000000    
   0.00000000    
   0.00000000    
   0.00000000    
   0.00000000    
   0.00000000    
   0.00000000    
   0.00000000    
   0.00000000    
   0.00000000    
   0.00000000    
   0.00000000    
   0.00000000    
   0.00000000    
   0.00000000    
   0.00000000    
   2.06074925E-04
   4.78097616E-04
   4.02801728E-04
   4.64400538E-04
   5.26293705E-04
   3.34359065E-04
   8.87892616E-04
   7.98501831E-04
   5.14380983E-04
   4.60328796E-04
   6.71844638E-04
   7.44163990E-04
   8.90716852E-04
   8.23272625E-04
   7.54027569E-04
   1.01262168E-03
   1.22445181E-03
   8.65469687E-04
   6.17205922E-04
   5.28062985E-04
   5.35644882E-04
   4.91655024E-04
   6.83466846E-04
   7.55562447E-04
   6.76701253E-04
   8.52967263E-04
   9.98897827E-04
   8.87127942E-04
   8.55840393E-04
   9.13261552E-04
   5.77577739E-04
   4.10235138E-04
   6.88681786E-04
   8.64309957E-04
   9.52150847E-04
   7.56547088E-04
   4.11875750E-04
   1.66069323E-04
   6.53109222E-04
   1.89354250E-04
   2.69938406E-04
   2.18589674E-04
   0.00000000    
   0.00000000    
   0.00000000    
   0.00000000    
   0.00000000    
   0.00000000    
   0.00000000    
   0.00000000    
   0.00000000    
   0.00000000    
   0.00000000    
   0.00000000    
   0.00000000    
   0.00000000    
   0.00000000    
   0.00000000    
   0.00000000    
   0.00000000    
   0.00000000    
   0.00000000    
   0.00000000    
   0.00000000    
   1.92031483E-04
   6.66461769E-04
   2.62437738E-04
   4.66803525E-04
   5.24624484E-04
   2.63922120E-04
   4.74861503E-04
   7.86529446E-04
   5.95641846E-04
   5.18391200E-04
   5.77805855E-04
   8.20877089E-04
   7.43392215E-04
   8.93806107E-04
   7.56790047E-04
   6.43473759E-04
   8.14553408E-04
   7.34464964E-04
   6.05458743E-04
   8.64775095E-04
   7.20481330E-04
   4.57823888E-04
   6.67405024E-04
   7.30608066E-04
   1.06432277E-03
   1.10407895E-03
   1.24007533E-03
   7.02350808E-04
   6.51628594E-04
   9.31279385E-04
   6.96557108E-04
   7.27698440E-04
   6.89667650E-04
   7.43322307E-04
   7.99601374E-04
   7.27332721E-04
   4.66374942E-04
   6.46592409E-04
   4.77113470E-04
   3.64694628E-04
   5.36444015E-04
   0.00000000    
   0.00000000    
   0.00000000    
   0.00000000    
   0.00000000    
   0.00000000    
   0.00000000    
   0.00000000    
   0.00000000    
   0.00000000    
   0.00000000    
   0.00000000    
   0.00000000    
   0.00000000    
   0.00000000    
   0.00000000    
   0.00000000    
   0.00000000    
   0.00000000    
   0.00000000    
   0.00000000    
   0.00000000    
   0.00000000    
   0.00000000    
   1.85812256E-04
   7.71343301E-04
   4.74825501E-04
   6.74653216E-04
   4.55289381E-04
   5.66750183E-04
   6.12017524E-04
   4.48559294E-04
   3.95602692E-04
   5.63664478E-04
   5.32773149E-04
   6.00983563E-04
   8.11443082E-04
   8.55169841E-04
   6.87953667E-04
   6.14217133E-04
   7.75065855E-04
   8.04089999E-04
   7.37556489E-04
   6.72740338E-04
   6.17507612E-04
   8.04150070E-04
   9.62817867E-04
   1.11303944E-03
   1.01946760E-03
   9.67018656E-04
   7.76738860E-04
   4.80893388E-04
   6.71718852E-04
   7.34047324E-04
   1.05903368E-03
   8.43588845E-04
   3.04368295E-04
   2.77853920E-04
   6.47157838E-04
   6.72020367E-04
   6.51481154E-04
   4.00830148E-04
   4.74933913E-04
   5.50917408E-04
   0.00000000    
   0.00000000    
   0.00000000    
   0.00000000    
   0.00000000    
   0.00000000    
   0.00000000    
   0.00000000    
   0.00000000    
   0.00000000    
   0.00000000    
   0.00000000    
   0.00000000    
   0.00000000    
   0.00000000    
   0.00000000    
   0.00000000    
   0.00000000    
   0.00000000    
   0.00000000    
   0.00000000    
   0.00000000    
   0.00000000    
   0.00000000    
   0.00000000    
   4.10351757E-04
   2.59235239E-04
   3.65101936E-04
   6.87330612E-04
   3.98592209E-04
   6.85381528E-04
   6.61385071E-04
   3.64185922E-04
   7.47912680E-04
   5.34923165E-04
   7.01092067E-04
   6.30316441E-04
   7.51508691E-04
   4.31352877E-04
   4.37201408E-04
   8.57339648E-04
   8.24145856E-04
   6.24419772E-04
   6.85523904E-04
   1.04681647E-03
   1.01963803E-03
   9.01884690E-04
   9.58833611E-04
   7.71037652E-04
   6.87897962E-04
   5.91981458E-04
   6.07749971E-04
   7.77740730E-04
   1.04975607E-03
   8.39374261E-04
   7.32143060E-04
   3.46393877E-04
   4.77630034E-04
   4.18572978E-04
   4.84323798E-04
   4.12820926E-04
   5.24095551E-04
   2.74577207E-04
   9.60855614E-05
   0.00000000    
   0.00000000    
   0.00000000    
   0.00000000    
   0.00000000    
   0.00000000    
   0.00000000    
   0.00000000    
   0.00000000    
   0.00000000    
   0.00000000    
   0.00000000    
   0.00000000    
   0.00000000    
   0.00000000    
   0.00000000    
   0.00000000    
   0.00000000    
   0.00000000    
   0.00000000    
   0.00000000    
   0.00000000    
   0.00000000    
   0.00000000    
   0.00000000    
   0.00000000    
   5.33514132E-04
   2.10332364E-04
   4.39614028E-04
   3.09600146E-04
   4.28596395E-04
   6.16303645E-04
   3.29328876E-04
   4.30510758E-04
   6.75948162E-04
   5.73198486E-04
   6.19580038E-04
   7.65554665E-04
   4.39530413E-04
   4.16440686E-04
   5.63663780E-04
   5.04426949E-04
   5.68897754E-04
   6.97262585E-04
   8.77424085E-04
   9.26935812E-04
   8.75220925E-04
   8.63833353E-04
   6.25938876E-04
   5.49374847E-04
   7.56974332E-04
   5.38423657E-04
   5.31309634E-04
   8.62740213E-04
   4.38508636E-04
   4.01785801E-04
   2.77173182E-04
   4.17758565E-04
   4.39076888E-04
   4.13239904E-04
   3.33385367E-04
   2.63175287E-04
   2.09065693E-04
   0.00000000    
   0.00000000    
   0.00000000    
   0.00000000    
   0.00000000    
   0.00000000    
   0.00000000    
   0.00000000    
   0.00000000    
   0.00000000    
   0.00000000    
   0.00000000    
   0.00000000    
   0.00000000    
   0.00000000    
   0.00000000    
   0.00000000    
   0.00000000    
   0.00000000    
   0.00000000    
   0.00000000    
   0.00000000    
   0.00000000    
   0.00000000    
   0.00000000    
   0.00000000    
   0.00000000    
   0.00000000    
   2.99627602E-04
   1.34724731E-04
   5.11016522E-04
   3.76205891E-04
   4.66642494E-04
   4.60895651E-04
   3.36639845E-04
   4.18918120E-04
   6.04199478E-04
   6.50892209E-04
   7.11298431E-04
   8.37431231E-04
   6.17683225E-04
   3.79295816E-04
   6.54646137E-04
   4.88524733E-04
   8.63990048E-04
   8.18685221E-04
   5.19969617E-04
   5.45293617E-04
   8.64262634E-04
   7.56639522E-04
   7.75476627E-04
   6.75681280E-04
   7.45602709E-04
   7.52205960E-04
   6.39112084E-04
   4.18780401E-04
   5.77376108E-04
   4.52591252E-04
   1.72316955E-04
   3.85657448E-04
   3.15715472E-04
   3.34122771E-04
   0.00000000    
   0.00000000    
   0.00000000    
   0.00000000    
   0.00000000    
   0.00000000    
   0.00000000    
   0.00000000    
   0.00000000    
   0.00000000    
   0.00000000    
   0.00000000    
   0.00000000    
   0.00000000    
   0.00000000    
   0.00000000    
   0.00000000    
   0.00000000    
   0.00000000    
   0.00000000    
   0.00000000    
   0.00000000    
   0.00000000    
   0.00000000    
   0.00000000    
   0.00000000    
   0.00000000    
   0.00000000    
   0.00000000    
   0.00000000    
   2.89896212E-04
   3.03240929E-04
   1.69813997E-04
   3.19539919E-04
   3.43047373E-04
   4.98697045E-04
   3.41384264E-04
   4.48597712E-04
   5.06901299E-04
   2.68412288E-04
   5.37281099E-04
   6.47120643E-04
   7.54169712E-04
   5.59140695E-04
   6.10797142E-04
   5.70741366E-04
   6.62136299E-04
   8.35233601E-04
   6.71466289E-04
   5.37127722E-04
   9.16225370E-04
   5.73639642E-04
   4.24451224E-04
   6.56715361E-04
   7.52343563E-04
   5.67490235E-04
   3.39703867E-04
   3.30851413E-04
   6.69133442E-04
   4.70776926E-04
   4.23708610E-04
   3.78874654E-04
   4.64262557E-04
   7.84097429E-05
   0.00000000    
   0.00000000    
   0.00000000    
   0.00000000    
   0.00000000    
   0.00000000    
   0.00000000    
   0.00000000    
   0.00000000    
   0.00000000    
   0.00000000    
   0.00000000    
   0.00000000    
   0.00000000    
   0.00000000    
   0.00000000    
   0.00000000    
   0.00000000    
   0.00000000    
   0.00000000    
   0.00000000    
   0.00000000    
   0.00000000    
   0.00000000    
   0.00000000    
   0.00000000    
   0.00000000    
   0.00000000    
   0.00000000    
   0.00000000    
   0.00000000    
   2.29976693E-04
   2.63468944E-04
   1.79925555E-04
   2.99052597E-04
   3.57981655E-04
   4.90068458E-04
   3.13084514E-04
   6.00793457E-04
   4.77238267E-04
   4.40982025E-04
   4.65132034E-04
   4.09225264E-04
   6.33225543E-04
   6.28478359E-04
   4.03136306E-04
   4.04766644E-04
   5.61553519E-04
   8.57092848E-04
   5.99555264E-04
   8.67730705E-04
   4.07443033E-04
   4.16361290E-04
   5.96522121E-04
   5.05203905E-04
   5.11246384E-04
   4.57347225E-04
   1.91102707E-04
   5.24563889E-04
   3.30310140E-04
   4.75315814E-04
   3.64023464E-04
   3.04613292E-04
   0.00000000    
   0.00000000    
   0.00000000    
   0.00000000    
   0.00000000    
   0.00000000    
   0.00000000    
   0.00000000    
   0.00000000    
   0.00000000    
   0.00000000    
   0.00000000    
   0.00000000    
   0.00000000    
   0.00000000    
   0.00000000    
   0.00000000    
   0.00000000    
   0.00000000    
   0.00000000    
   0.00000000    
   0.00000000    
   0.00000000    
   0.00000000    
   0.00000000    
   0.00000000    
   0.00000000    
   0.00000000    
   0.00000000    
   0.00000000    
   0.00000000    
   0.00000000    
   0.00000000    
   2.45836825E-04
   2.98120751E-04
   1.64341734E-04
   2.20399073E-04
   3.54555377E-04
   4.44108708E-04
   5.08931000E-04
   5.85623959E-04
   4.61252290E-04
   6.39622449E-04
   5.93914825E-04
   5.22806018E-04
   4.98821959E-04
   4.10126930E-04
   3.12511751E-04
   4.86730714E-04
   7.50306994E-04
   5.44570968E-04
   5.26046962E-04
   5.23754454E-04
   1.84878008E-04
   5.41833695E-04
   4.59955249E-04
   3.45865759E-04
   1.12676680E-04
   2.13750842E-04
   2.99416453E-04
   3.84383486E-04
   2.50631012E-04
   3.55831115E-04
   8.10724305E-05
   0.00000000    
   0.00000000    
   0.00000000    
   0.00000000    
   0.00000000    
   0.00000000    
   0.00000000    
   0.00000000    
   0.00000000    
   0.00000000    
   0.00000000    
   0.00000000    
   0.00000000    
   0.00000000    
   0.00000000    
   0.00000000    
   0.00000000    
   0.00000000    
   0.00000000    
   0.00000000    
   0.00000000    
   0.00000000    
   0.00000000    
   0.00000000    
   0.00000000    
   0.00000000    
   0.00000000    
   0.00000000    
   0.00000000    
   0.00000000    
   0.00000000    
   0.00000000    
   0.00000000    
   0.00000000    
   2.34066581E-04
   2.39902278E-04
   2.14091502E-04
   1.75425972E-04
   4.44211677E-04
   3.21962114E-04
   5.16449974E-04
   5.82642562E-04
   4.90530394E-04
   6.21277199E-04
   8.55595397E-04
   6.24762732E-04
   6.51406939E-04
   4.86694364E-04
   4.89321130E-04
   5.89518924E-04
   7.61923147E-04
   6.10190909E-04
   5.42441732E-04
   3.07126582E-04
   4.45368933E-04
   4.38702351E-04
   3.07982555E-04
   1.82746007E-04
   3.32513126E-04
   1.08575950E-04
   8.78410719E-05
   3.39706807E-04
   0.00000000    
   0.00000000    
   0.00000000    
   0.00000000    
   0.00000000    
   0.00000000    
   0.00000000    
   0.00000000    
   0.00000000    
   0.00000000    
   0.00000000    
   0.00000000    
   0.00000000    
   0.00000000    
   0.00000000    
   0.00000000    
   0.00000000    
   0.00000000    
   0.00000000    
   0.00000000    
   0.00000000    
   0.00000000    
   0.00000000    
   0.00000000    
   0.00000000    
   0.00000000    
   0.00000000    
   0.00000000    
   0.00000000    
   0.00000000    
   0.00000000    
   0.00000000    
   0.00000000    
   0.00000000    
   0.00000000    
   0.00000000    
   0.00000000    
   3.07924434E-04
   1.35461421E-04
   2.23606810E-04
   2.00511291E-04
   3.59675993E-04
   3.73200019E-04
   3.59397003E-04
   6.11105817E-04
   4.04540944E-04
   5.20376954E-04
   5.90121315E-04
   7.31631997E-04
   6.70182926E-04
   5.18578512E-04
   4.34114307E-04
   6.06284419E-04
   5.81406639E-04
   4.19156277E-04
   4.70597442E-04
   5.99181047E-04
   2.83497822E-04
   3.68809531E-04
   4.70698957E-04
   2.75617756E-04
   1.04991552E-04
   0.00000000    
   1.23693135E-05
   0.00000000    
   0.00000000    
   0.00000000    
   0.00000000    
   0.00000000    
   0.00000000    
   0.00000000    
   0.00000000    
   0.00000000    
   0.00000000    
   0.00000000    
   0.00000000    
   0.00000000    
   0.00000000    
   0.00000000    
   0.00000000    
   0.00000000    
   0.00000000    
   0.00000000    
   0.00000000    
   0.00000000    
   0.00000000    
   0.00000000    
   0.00000000    
   0.00000000    
   0.00000000    
   0.00000000    
   0.00000000    
   0.00000000    
   0.00000000    
   0.00000000    
   0.00000000    
   0.00000000    
   0.00000000    
   0.00000000    
   0.00000000    
   0.00000000    
   0.00000000    
   2.23985553E-04
   3.18647290E-05
   1.82428324E-04
   3.51316412E-04
   3.63484578E-04
   3.30038514E-04
   3.91074078E-04
   4.93212370E-04
   3.48907372E-04
   4.34112357E-04
   4.96173627E-04
   6.92292873E-04
   6.63266459E-04
   5.84319117E-04
   7.16135954E-04
   3.58055637E-04
   3.84159124E-04
   4.10171429E-04
   3.85521271E-04
   1.51718894E-04
   6.00052415E-04
   4.90349717E-04
   2.89130665E-04
   1.30747314E-04
   1.52719476E-05
   0.00000000    
   0.00000000    
   0.00000000    
   0.00000000    
   0.00000000    
   0.00000000    
   0.00000000    
   0.00000000    
   0.00000000    
   0.00000000    
   0.00000000    
   0.00000000    
   0.00000000    
   0.00000000    
   0.00000000    
   0.00000000    
   0.00000000    
   0.00000000    
   0.00000000    
   0.00000000    
   0.00000000    
   0.00000000    
   0.00000000    
   0.00000000    
   0.00000000    
   0.00000000    
   0.00000000    
   0.00000000    
   0.00000000    
   0.00000000    
   0.00000000    
   0.00000000    
   0.00000000    
   0.00000000    
   0.00000000    
   0.00000000    
   0.00000000    
   0.00000000    
   0.00000000    
   0.00000000    
   4.08952183E-05
   0.00000000    
   5.37774067E-05
   3.62905557E-04
   4.29704029E-04
   2.53365171E-04
   3.46675690E-04
   4.41585522E-04
   1.45318758E-04
   2.82137946E-04
   3.56783625E-04
   4.55515605E-04
   4.08994354E-04
   6.99540717E-04
   4.47428232E-04
   3.60765378E-04
   3.17681057E-04
   3.23958899E-04
   1.01646147E-04
   5.02174255E-04
   2.30853359E-04
   1.09961431E-04
   1.52873065E-04
   0.00000000    
   0.00000000    
   0.00000000    
   0.00000000    
   0.00000000    
   0.00000000    
   0.00000000    
   0.00000000    
   0.00000000    
   0.00000000    
   0.00000000    
   0.00000000    
   0.00000000    
   0.00000000    
   0.00000000    
   0.00000000    
   0.00000000    
   0.00000000    
   0.00000000    
   0.00000000    
   0.00000000    
   0.00000000    
   0.00000000    
   0.00000000    
   0.00000000    
   0.00000000    
   0.00000000    
   0.00000000    
   0.00000000    
   0.00000000    
   0.00000000    
   0.00000000    
   0.00000000    
   0.00000000    
   0.00000000    
   0.00000000    
   0.00000000    
   0.00000000    
   0.00000000    
   0.00000000    
   0.00000000    
   0.00000000    
   0.00000000    
   0.00000000    
   0.00000000    
   2.85598420E-04
   4.51835862E-04
   3.51728289E-04
   3.53083771E-04
   3.21697735E-04
   1.62038894E-04
   8.18688713E-05
   2.83869740E-04
   1.58008683E-04
   2.23350580E-04
   4.33837820E-04
   1.83783166E-04
   2.42905197E-04
   2.56569008E-04
   1.33877693E-04
   2.49957811E-04
   2.61435431E-04
   0.00000000    
   0.00000000    
   0.00000000    
   0.00000000    
   0.00000000    
   0.00000000    
   0.00000000    
   0.00000000    
   0.00000000    
   0.00000000    
   0.00000000    
   0.00000000    
   0.00000000    
   0.00000000    
   0.00000000    
   0.00000000    
   0.00000000    
   0.00000000    
   0.00000000    
   0.00000000    
   0.00000000    
   0.00000000    
   0.00000000    
   0.00000000    
   0.00000000    
   0.00000000    
   0.00000000    
   0.00000000    
   0.00000000    
   0.00000000    
   0.00000000    
   0.00000000    
   0.00000000    
   0.00000000    
   0.00000000    
   0.00000000    
   0.00000000    
   0.00000000    
   0.00000000    
   0.00000000    
   0.00000000    
   0.00000000    
   0.00000000    
   0.00000000    
   0.00000000    
   0.00000000    
   0.00000000    
   0.00000000    
   1.63212899E-04
   3.39564605E-04
   3.67275468E-04
   3.68069916E-04
   3.96043644E-04
   3.20317980E-04
   1.31971887E-04
   4.07777494E-04
   0.00000000    
   2.21377792E-04
   1.82687974E-04
   0.00000000    
   1.67080070E-04
   1.93343672E-04
   0.00000000    
   0.00000000    
   0.00000000    
   0.00000000    
   0.00000000    
   0.00000000    
   0.00000000    
   0.00000000    
   0.00000000    
   0.00000000    
   0.00000000    
   0.00000000    
   0.00000000    
   0.00000000    
   0.00000000    
   0.00000000    
   0.00000000    
   0.00000000    
   0.00000000    
   0.00000000    
   0.00000000    
   0.00000000    
   0.00000000    
   0.00000000    
   0.00000000    
   0.00000000    
   0.00000000    
   0.00000000    
   0.00000000    
   0.00000000    
   0.00000000    
   0.00000000    
   0.00000000    
   0.00000000    
   0.00000000    
   0.00000000    
   0.00000000    
   0.00000000    
   0.00000000    
   0.00000000    
   0.00000000    
   0.00000000    
   0.00000000    
   0.00000000    
   0.00000000    
   0.00000000    
   0.00000000    
   0.00000000    
   0.00000000    
   0.00000000    
   0.00000000    
   5.57027925E-05
   2.19232563E-04
   2.25383381E-04
   3.98788288E-05
   2.85861228E-04
   1.72901142E-04
   2.05517965E-04
   2.58709944E-04
   3.33446005E-05
   1.16464485E-04
   4.45571604E-05
   0.00000000    
   1.93759828E-04
   0.00000000    
   0.00000000    
   0.00000000    
   0.00000000    
   0.00000000    
   0.00000000    
   0.00000000    
   0.00000000    
   0.00000000    
   0.00000000    
   0.00000000    
   0.00000000    
   0.00000000    
   0.00000000    
   0.00000000    
   0.00000000    
   0.00000000    
   0.00000000    
   0.00000000    
   0.00000000    
   0.00000000    
   0.00000000    
   0.00000000    
   0.00000000    
   0.00000000    
   0.00000000    
   0.00000000    
   0.00000000    
   0.00000000    
   0.00000000    
   0.00000000    
   0.00000000    
   0.00000000    
   0.00000000    
   0.00000000    
   0.00000000    
   0.00000000    
   0.00000000    
   0.00000000    
   0.00000000    
   0.00000000    
   0.00000000    
   0.00000000    
   0.00000000    
   0.00000000    
   0.00000000    
   0.00000000    
   0.00000000    
   0.00000000    
   0.00000000    
   0.00000000    
   0.00000000    
   0.00000000    
   1.88013946E-04
   1.57063638E-04
   0.00000000    
   0.00000000    
   3.46674824E-05
   0.00000000    
   7.09046872E-05
   0.00000000    
   1.37340348E-05
   0.00000000    
   0.00000000    
   0.00000000    
   0.00000000    
   0.00000000    
   0.00000000    
   0.00000000    
   0.00000000    
   0.00000000    
   0.00000000    
   0.00000000    
   0.00000000    
   0.00000000    
   0.00000000    
   0.00000000    
   0.00000000    
   0.00000000    
   0.00000000    
   0.00000000    
   0.00000000    
   0.00000000    
   0.00000000    
   0.00000000    
   0.00000000    
   0.00000000    
   0.00000000    
   0.00000000    
   0.00000000    
   0.00000000    
   0.00000000    
   0.00000000    
   0.00000000    
   0.00000000    
   0.00000000    
   0.00000000    
   0.00000000    
   0.00000000    
   0.00000000    
   0.00000000    
   0.00000000    
   0.00000000    
   0.00000000    
   0.00000000    
   0.00000000    
   0.00000000    
   0.00000000    
   0.00000000    
   0.00000000    
   0.00000000    
   0.00000000    
   0.00000000    
   0.00000000    
   0.00000000    
   0.00000000    
   0.00000000    
   2.54970291E-05
   1.92880630E-04
   1.44122954E-04
   0.00000000    
   0.00000000    
   0.00000000    
   0.00000000    
   0.00000000    
   0.00000000    
   0.00000000    
   0.00000000    
   0.00000000    
   0.00000000    
   0.00000000    
   0.00000000    
   0.00000000    
   0.00000000    
   0.00000000    
   0.00000000    
   0.00000000    
   0.00000000    
   0.00000000    
   0.00000000    
   0.00000000    
   0.00000000    
   0.00000000    
   0.00000000    
   0.00000000    
   0.00000000    
   0.00000000    
   0.00000000    
   0.00000000    
   0.00000000    
   0.00000000    
   0.00000000    
   0.00000000    
   0.00000000    
   0.00000000    
   0.00000000    
   0.00000000    
   0.00000000    
   0.00000000    
   0.00000000    
   0.00000000    
   0.00000000    
   0.00000000    
   0.00000000    
   0.00000000    
   0.00000000    
   0.00000000    
   0.00000000    
   0.00000000    
   0.00000000    
   0.00000000    
   0.00000000    
   0.00000000    
   0.00000000    
   0.00000000    
   0.00000000    
   0.00000000    
   0.00000000    
   0.00000000    
   0.00000000    
   0.00000000    
   0.00000000    
   0.00000000    
   0.00000000    
   0.00000000    
   0.00000000    
   0.00000000    
   0.00000000    
   0.00000000    
   0.00000000    
   0.00000000    
   0.00000000    
   0.00000000    
   0.00000000    
   0.00000000    
   0.00000000    
   0.00000000    
   0.00000000    
   0.00000000    
   0.00000000    
   0.00000000    
   0.00000000    
   0.00000000    
   0.00000000    
   0.00000000    
   0.00000000    
   0.00000000    
   0.00000000    
   0.00000000    
   0.00000000    
   0.00000000    
   0.00000000    
   0.00000000    
   0.00000000    
   0.00000000    
   0.00000000    
