 0.0000000E+00
 0.2546906E-03
 0.8489685E-04
 0.1443246E-02
 0.3820358E-02
 0.5518295E-02
 0.7216232E-02
 0.8065200E-02
 0.1146107E-01
 0.1044231E-01
 0.1264963E-01
 0.1366839E-01
 0.1774344E-01
 0.1944138E-01
 0.2046014E-01
 0.2504457E-01
 0.2419560E-01
 0.2504457E-01
 0.2928941E-01
 0.2725189E-01
 0.1961117E-01
 0.2504457E-01
 0.1927158E-01
 0.1876220E-01
 0.1859241E-01
 0.1859241E-01
 0.2029035E-01
 0.1604551E-01
 0.2096952E-01
 0.1825282E-01
 0.1655489E-01
 0.1757365E-01
 0.2198828E-01
 0.1944138E-01
 0.2046014E-01
 0.1604551E-01
 0.1672468E-01
 0.1791324E-01
 0.1910179E-01
 0.2283725E-01
 0.1876220E-01
 0.1995076E-01
 0.1961117E-01
 0.2266746E-01
 0.3047797E-01
 0.2776127E-01
 0.2844045E-01
 0.2742168E-01
 0.2606333E-01
 0.1978097E-01
 0.1842262E-01
 0.1706427E-01
 0.1434757E-01
 0.1214025E-01
 0.1197046E-01
 0.1231004E-01
 0.1027252E-01
 0.7555820E-02
 0.4159946E-02
 0.2801596E-02
 0.7640717E-03
 0.8489685E-04
 0.0000000E+00
 0.0000000E+00
 0.0000000E+00
 0.2545609E-03
 0.0000000E+00
 0.2460755E-02
 0.3478999E-02
 0.5515486E-02
 0.7042851E-02
 0.7891388E-02
 0.1128553E-01
 0.1043700E-01
 0.1298261E-01
 0.1366143E-01
 0.1705558E-01
 0.1841324E-01
 0.2214680E-01
 0.2452270E-01
 0.2537123E-01
 0.2520153E-01
 0.2876538E-01
 0.2571065E-01
 0.2350445E-01
 0.2265592E-01
 0.1994060E-01
 0.1722529E-01
 0.1756470E-01
 0.1705558E-01
 0.2197709E-01
 0.1790412E-01
 0.1977090E-01
 0.1858294E-01
 0.1552821E-01
 0.2095885E-01
 0.1994060E-01
 0.2028002E-01
 0.1824353E-01
 0.1722529E-01
 0.1569792E-01
 0.1807382E-01
 0.2112855E-01
 0.1994060E-01
 0.1926177E-01
 0.2095885E-01
 0.1858294E-01
 0.2384387E-01
 0.2740772E-01
 0.2961392E-01
 0.2876538E-01
 0.2774714E-01
 0.2672889E-01
 0.1807382E-01
 0.1960119E-01
 0.1671617E-01
 0.1484939E-01
 0.1179465E-01
 0.1332202E-01
 0.1077641E-01
 0.1128553E-01
 0.6873144E-02
 0.3988121E-02
 0.2969877E-02
 0.1442512E-02
 0.0000000E+00
 0.0000000E+00
 0.0000000E+00
 0.0000000E+00
 0.0000000E+00
 0.0000000E+00
 0.2120081E-02
 0.3476934E-02
 0.6190638E-02
 0.8225916E-02
 0.7886703E-02
 0.9582768E-02
 0.1212687E-01
 0.1416214E-01
 0.1127883E-01
 0.1738467E-01
 0.1840231E-01
 0.2230326E-01
 0.2450814E-01
 0.2586499E-01
 0.2450814E-01
 0.2908752E-01
 0.2603460E-01
 0.2315129E-01
 0.2281208E-01
 0.1891113E-01
 0.1670624E-01
 0.1721506E-01
 0.1908073E-01
 0.2026798E-01
 0.1992876E-01
 0.1874152E-01
 0.1806309E-01
 0.1755427E-01
 0.2162483E-01
 0.1789349E-01
 0.2162483E-01
 0.1704546E-01
 0.1484057E-01
 0.1619742E-01
 0.1958955E-01
 0.2315129E-01
 0.1602782E-01
 0.2043759E-01
 0.2128562E-01
 0.1908073E-01
 0.2264247E-01
 0.2874830E-01
 0.3095319E-01
 0.2823948E-01
 0.2603460E-01
 0.2484735E-01
 0.1958955E-01
 0.2026798E-01
 0.1704546E-01
 0.1534939E-01
 0.1043080E-01
 0.1450136E-01
 0.1009159E-01
 0.1026119E-01
 0.7038670E-02
 0.4155360E-02
 0.4155360E-02
 0.1272049E-02
 0.0000000E+00
 0.0000000E+00
 0.0000000E+00
 0.0000000E+00
 0.5935724E-03
 0.0000000E+00
 0.2119902E-02
 0.3815823E-02
 0.5172560E-02
 0.7886034E-02
 0.8903587E-02
 0.1009073E-01
 0.1195625E-01
 0.1331298E-01
 0.1076910E-01
 0.1772238E-01
 0.2060544E-01
 0.2009667E-01
 0.2416688E-01
 0.2552362E-01
 0.2772831E-01
 0.2654117E-01
 0.2688035E-01
 0.2450606E-01
 0.2060544E-01
 0.1806156E-01
 0.1670483E-01
 0.1823115E-01
 0.2060544E-01
 0.1840075E-01
 0.2043585E-01
 0.1857034E-01
 0.1568727E-01
 0.2077504E-01
 0.2026626E-01
 0.2111422E-01
 0.1772238E-01
 0.1772238E-01
 0.1517850E-01
 0.1704401E-01
 0.2009667E-01
 0.2026626E-01
 0.2009667E-01
 0.1857034E-01
 0.1907912E-01
 0.2264055E-01
 0.2213177E-01
 0.2704995E-01
 0.3332485E-01
 0.2755872E-01
 0.2721954E-01
 0.1975748E-01
 0.2297973E-01
 0.1941830E-01
 0.1806156E-01
 0.1263461E-01
 0.1263461E-01
 0.1314339E-01
 0.1229543E-01
 0.9242771E-02
 0.7207666E-02
 0.3985415E-02
 0.3476639E-02
 0.1611125E-02
 0.0000000E+00
 0.0000000E+00
 0.0000000E+00
 0.0000000E+00
 0.0000000E+00
 0.4240522E-03
 0.2120261E-02
 0.3646849E-02
 0.6021542E-02
 0.7208888E-02
 0.9074718E-02
 0.9244339E-02
 0.1348486E-01
 0.1263676E-01
 0.1094055E-01
 0.1857349E-01
 0.2077856E-01
 0.2077856E-01
 0.2383174E-01
 0.2467984E-01
 0.2993809E-01
 0.2535832E-01
 0.2705453E-01
 0.2434060E-01
 0.1959121E-01
 0.1874311E-01
 0.1535069E-01
 0.2026970E-01
 0.1806463E-01
 0.1942159E-01
 0.1976083E-01
 0.1806463E-01
 0.1704690E-01
 0.2247477E-01
 0.1908235E-01
 0.2128742E-01
 0.1704690E-01
 0.1568993E-01
 0.1467221E-01
 0.1976083E-01
 0.2060894E-01
 0.1755576E-01
 0.2145704E-01
 0.1908235E-01
 0.1942159E-01
 0.2196591E-01
 0.2230515E-01
 0.2875074E-01
 0.3299126E-01
 0.2586719E-01
 0.2586719E-01
 0.2179629E-01
 0.2434060E-01
 0.1670766E-01
 0.1823425E-01
 0.1297600E-01
 0.1263676E-01
 0.1280638E-01
 0.1212789E-01
 0.9922823E-02
 0.7039267E-02
 0.3477228E-02
 0.3477228E-02
 0.2120261E-02
 0.0000000E+00
 0.0000000E+00
 0.0000000E+00
 0.0000000E+00
 0.0000000E+00
 0.9324405E-03
 0.1780114E-02
 0.3644994E-02
 0.6866152E-02
 0.6527083E-02
 0.9070102E-02
 0.1076545E-01
 0.1263033E-01
 0.1110452E-01
 0.1246080E-01
 0.1805544E-01
 0.2076799E-01
 0.1992032E-01
 0.2483682E-01
 0.2348055E-01
 0.3077053E-01
 0.2602356E-01
 0.2687124E-01
 0.2195473E-01
 0.2059846E-01
 0.1737730E-01
 0.1822497E-01
 0.1839451E-01
 0.2110706E-01
 0.1924218E-01
 0.1669916E-01
 0.1720776E-01
 0.2178520E-01
 0.2042892E-01
 0.2110706E-01
 0.1720776E-01
 0.1686870E-01
 0.1754683E-01
 0.1669916E-01
 0.1856404E-01
 0.2008985E-01
 0.1907265E-01
 0.2025939E-01
 0.2025939E-01
 0.1737730E-01
 0.2263287E-01
 0.2297194E-01
 0.2941426E-01
 0.2958379E-01
 0.2890565E-01
 0.2348055E-01
 0.2365008E-01
 0.2093753E-01
 0.2042892E-01
 0.1771637E-01
 0.1313893E-01
 0.1212173E-01
 0.1330847E-01
 0.1178266E-01
 0.9748241E-02
 0.6527083E-02
 0.3305925E-02
 0.3475460E-02
 0.2288718E-02
 0.0000000E+00
 0.0000000E+00
 0.0000000E+00
 0.0000000E+00
 0.0000000E+00
 0.1270971E-02
 0.1609897E-02
 0.2965599E-02
 0.7032706E-02
 0.7371632E-02
 0.8557872E-02
 0.9913574E-02
 0.1177766E-01
 0.1296390E-01
 0.1262498E-01
 0.1770886E-01
 0.2058973E-01
 0.1906457E-01
 0.2533469E-01
 0.2465684E-01
 0.2821556E-01
 0.2669039E-01
 0.2940180E-01
 0.2245382E-01
 0.1855618E-01
 0.1838671E-01
 0.1940349E-01
 0.1686155E-01
 0.2075919E-01
 0.1736994E-01
 0.1804779E-01
 0.1889510E-01
 0.2058973E-01
 0.2075919E-01
 0.1991188E-01
 0.1855618E-01
 0.1482800E-01
 0.1686155E-01
 0.1872564E-01
 0.1821725E-01
 0.1906457E-01
 0.1991188E-01
 0.2025080E-01
 0.2058973E-01
 0.1855618E-01
 0.2177597E-01
 0.2584308E-01
 0.2770717E-01
 0.2940180E-01
 0.2974072E-01
 0.2211490E-01
 0.2516523E-01
 0.1957295E-01
 0.2109812E-01
 0.1567531E-01
 0.1482800E-01
 0.1160820E-01
 0.1431961E-01
 0.1025250E-01
 0.9405185E-02
 0.6524318E-02
 0.3812913E-02
 0.3643450E-02
 0.1779359E-02
 0.0000000E+00
 0.4236570E-03
 0.0000000E+00
 0.0000000E+00
 0.0000000E+00
 0.1271617E-02
 0.1441167E-02
 0.3475755E-02
 0.6697185E-02
 0.7544931E-02
 0.8053578E-02
 0.1059681E-01
 0.1161411E-01
 0.1347915E-01
 0.1229230E-01
 0.1636148E-01
 0.2026111E-01
 0.2161750E-01
 0.2348254E-01
 0.2653442E-01
 0.2772126E-01
 0.2534758E-01
 0.2941675E-01
 0.2212614E-01
 0.1890471E-01
 0.2026111E-01
 0.1720922E-01
 0.1958291E-01
 0.1958291E-01
 0.1788742E-01
 0.1687013E-01
 0.2144795E-01
 0.1924381E-01
 0.2060020E-01
 0.1924381E-01
 0.1602238E-01
 0.1551373E-01
 0.2026111E-01
 0.1890471E-01
 0.1687013E-01
 0.1636148E-01
 0.2466938E-01
 0.1924381E-01
 0.1670058E-01
 0.2110885E-01
 0.2246524E-01
 0.2738216E-01
 0.2619532E-01
 0.2856901E-01
 0.2806036E-01
 0.2297389E-01
 0.2636487E-01
 0.1975246E-01
 0.1822652E-01
 0.1975246E-01
 0.1195320E-01
 0.1314005E-01
 0.1381824E-01
 0.1178366E-01
 0.8731773E-02
 0.5849441E-02
 0.4153951E-02
 0.3475755E-02
 0.1441167E-02
 0.0000000E+00
 0.8477450E-04
 0.0000000E+00
 0.0000000E+00
 0.0000000E+00
 0.5936731E-03
 0.2289882E-02
 0.3646849E-02
 0.7039267E-02
 0.7208888E-02
 0.7887372E-02
 0.9922823E-02
 0.1043169E-01
 0.1382410E-01
 0.1416335E-01
 0.1653804E-01
 0.1942159E-01
 0.2213553E-01
 0.2349249E-01
 0.2383174E-01
 0.2807226E-01
 0.2688491E-01
 0.2908998E-01
 0.2094818E-01
 0.1993046E-01
 0.2077856E-01
 0.1806463E-01
 0.2111780E-01
 0.1670766E-01
 0.1755576E-01
 0.1874311E-01
 0.2010008E-01
 0.2196591E-01
 0.1704690E-01
 0.1942159E-01
 0.1518107E-01
 0.1874311E-01
 0.1976083E-01
 0.1738614E-01
 0.1738614E-01
 0.1721652E-01
 0.2332287E-01
 0.1942159E-01
 0.1857349E-01
 0.2315325E-01
 0.2094818E-01
 0.2637605E-01
 0.2790264E-01
 0.2637605E-01
 0.2756339E-01
 0.2603681E-01
 0.2501908E-01
 0.1840387E-01
 0.1806463E-01
 0.1959121E-01
 0.1365448E-01
 0.1416335E-01
 0.1195827E-01
 0.1144941E-01
 0.9583580E-02
 0.5173437E-02
 0.3986091E-02
 0.3986091E-02
 0.7632941E-03
 0.0000000E+00
 0.0000000E+00
 0.0000000E+00
 0.0000000E+00
 0.0000000E+00
 0.5935724E-03
 0.2798270E-02
 0.3476639E-02
 0.6698889E-02
 0.7546850E-02
 0.7546850E-02
 0.9242771E-02
 0.1093869E-01
 0.1348257E-01
 0.1721360E-01
 0.1331298E-01
 0.1907912E-01
 0.2552362E-01
 0.2077504E-01
 0.2365810E-01
 0.2942424E-01
 0.2637158E-01
 0.2772831E-01
 0.2416688E-01
 0.1890952E-01
 0.1941830E-01
 0.2145340E-01
 0.1907912E-01
 0.1450013E-01
 0.1873993E-01
 0.1924871E-01
 0.2043585E-01
 0.2128381E-01
 0.1721360E-01
 0.1551768E-01
 0.1958789E-01
 0.1840075E-01
 0.1772238E-01
 0.1857034E-01
 0.1840075E-01
 0.1907912E-01
 0.1772238E-01
 0.2145340E-01
 0.1958789E-01
 0.2281014E-01
 0.2145340E-01
 0.2450606E-01
 0.2942424E-01
 0.2738913E-01
 0.2620198E-01
 0.2552362E-01
 0.2586280E-01
 0.1924871E-01
 0.1704401E-01
 0.1789197E-01
 0.1619605E-01
 0.1348257E-01
 0.1195625E-01
 0.1144747E-01
 0.9073179E-02
 0.5850928E-02
 0.4155007E-02
 0.3476639E-02
 0.1102349E-02
 0.0000000E+00
 0.0000000E+00
 0.0000000E+00
 0.0000000E+00
 0.0000000E+00
 0.1102068E-02
 0.2458460E-02
 0.3306205E-02
 0.6866734E-02
 0.6866734E-02
 0.8392676E-02
 0.9070871E-02
 0.1144456E-01
 0.1314005E-01
 0.1619193E-01
 0.1517464E-01
 0.1754832E-01
 0.2466938E-01
 0.2127840E-01
 0.2466938E-01
 0.2806036E-01
 0.2890810E-01
 0.2500848E-01
 0.2517803E-01
 0.1907426E-01
 0.1856562E-01
 0.2365209E-01
 0.1754832E-01
 0.1670058E-01
 0.1771787E-01
 0.1992201E-01
 0.2144795E-01
 0.1771787E-01
 0.1822652E-01
 0.1415734E-01
 0.2009156E-01
 0.2043065E-01
 0.1602238E-01
 0.1737877E-01
 0.1890471E-01
 0.1941336E-01
 0.1670058E-01
 0.2093930E-01
 0.2399118E-01
 0.2009156E-01
 0.2348254E-01
 0.2195659E-01
 0.3043405E-01
 0.2772126E-01
 0.2602577E-01
 0.2449983E-01
 0.2687352E-01
 0.1856562E-01
 0.1754832E-01
 0.1737877E-01
 0.1670058E-01
 0.1195320E-01
 0.1330960E-01
 0.1195320E-01
 0.8223127E-02
 0.5340794E-02
 0.4493048E-02
 0.4153951E-02
 0.5934215E-03
 0.7629705E-03
 0.0000000E+00
 0.0000000E+00
 0.0000000E+00
 0.0000000E+00
 0.7630999E-03
 0.2289300E-02
 0.3985077E-02
 0.5680855E-02
 0.7546210E-02
 0.9072410E-02
 0.7715788E-02
 0.1195523E-01
 0.1348143E-01
 0.1636425E-01
 0.1619468E-01
 0.1789045E-01
 0.2145158E-01
 0.2416483E-01
 0.2450399E-01
 0.2653892E-01
 0.2823470E-01
 0.2687807E-01
 0.2365610E-01
 0.1941665E-01
 0.2212990E-01
 0.2111243E-01
 0.1602510E-01
 0.1755130E-01
 0.1789045E-01
 0.2179074E-01
 0.1789045E-01
 0.1704256E-01
 0.1687299E-01
 0.1924708E-01
 0.1806003E-01
 0.1873834E-01
 0.1687299E-01
 0.1653383E-01
 0.2263863E-01
 0.1755130E-01
 0.1704256E-01
 0.2128201E-01
 0.2246905E-01
 0.2297779E-01
 0.2094285E-01
 0.2416483E-01
 0.2993047E-01
 0.2619976E-01
 0.2738681E-01
 0.2399525E-01
 0.2552145E-01
 0.1958623E-01
 0.1636425E-01
 0.1755130E-01
 0.1856876E-01
 0.1178565E-01
 0.1297270E-01
 0.1178565E-01
 0.8733254E-02
 0.4832966E-02
 0.4493810E-02
 0.3985077E-02
 0.7630999E-03
 0.9326776E-03
 0.0000000E+00
 0.0000000E+00
 0.0000000E+00
 0.0000000E+00
 0.1271833E-02
 0.1610989E-02
 0.4663388E-02
 0.5172121E-02
 0.8563677E-02
 0.8394099E-02
 0.7207055E-02
 0.1280312E-01
 0.1415974E-01
 0.1365101E-01
 0.1704256E-01
 0.1907750E-01
 0.1992539E-01
 0.2433441E-01
 0.2653892E-01
 0.2467356E-01
 0.2959132E-01
 0.2670850E-01
 0.2314736E-01
 0.2094285E-01
 0.2399525E-01
 0.1568594E-01
 0.1856876E-01
 0.1890792E-01
 0.1873834E-01
 0.1856876E-01
 0.1856876E-01
 0.1687299E-01
 0.1789045E-01
 0.1721214E-01
 0.2009496E-01
 0.1653383E-01
 0.1890792E-01
 0.1534679E-01
 0.2196032E-01
 0.1670341E-01
 0.1890792E-01
 0.2077327E-01
 0.2297779E-01
 0.2043412E-01
 0.2314736E-01
 0.2128201E-01
 0.3315245E-01
 0.2467356E-01
 0.2891301E-01
 0.2382567E-01
 0.2314736E-01
 0.2111243E-01
 0.1704256E-01
 0.1687299E-01
 0.1890792E-01
 0.1246396E-01
 0.1263354E-01
 0.1212481E-01
 0.8224521E-02
 0.4832966E-02
 0.4663388E-02
 0.4493810E-02
 0.7630999E-03
 0.5935222E-03
 0.0000000E+00
 0.0000000E+00
 0.0000000E+00
 0.0000000E+00
 0.4240163E-03
 0.2289688E-02
 0.4494573E-02
 0.5172999E-02
 0.7208277E-02
 0.8565129E-02
 0.7717096E-02
 0.1229647E-01
 0.1585821E-01
 0.1246608E-01
 0.1789349E-01
 0.1975916E-01
 0.1857191E-01
 0.2349050E-01
 0.2806988E-01
 0.2366011E-01
 0.2874830E-01
 0.2722185E-01
 0.2213365E-01
 0.2298168E-01
 0.2281208E-01
 0.1755427E-01
 0.1789349E-01
 0.1874152E-01
 0.2111601E-01
 0.1568860E-01
 0.1806309E-01
 0.1653663E-01
 0.1958955E-01
 0.1908073E-01
 0.1704546E-01
 0.1636703E-01
 0.1568860E-01
 0.2332089E-01
 0.1568860E-01
 0.1941995E-01
 0.1958955E-01
 0.2060719E-01
 0.2145522E-01
 0.1941995E-01
 0.2620421E-01
 0.2264247E-01
 0.2891791E-01
 0.2976594E-01
 0.2501696E-01
 0.2705224E-01
 0.1992876E-01
 0.2077680E-01
 0.1874152E-01
 0.1670624E-01
 0.1721506E-01
 0.1331411E-01
 0.1433175E-01
 0.1161805E-01
 0.7377883E-02
 0.5003392E-02
 0.4833786E-02
 0.4664179E-02
 0.5936228E-03
 0.5936228E-03
 0.0000000E+00
 0.0000000E+00
 0.0000000E+00
 0.0000000E+00
 0.1271079E-02
 0.1779510E-02
 0.4321668E-02
 0.4321668E-02
 0.8389120E-02
 0.7202779E-02
 0.9236505E-02
 0.1211762E-01
 0.1347343E-01
 0.1482925E-01
 0.1635455E-01
 0.2143886E-01
 0.1838827E-01
 0.2347259E-01
 0.2533684E-01
 0.2347259E-01
 0.3160749E-01
 0.2872638E-01
 0.2076095E-01
 0.2313363E-01
 0.2262520E-01
 0.1787984E-01
 0.1754089E-01
 0.2076095E-01
 0.1923566E-01
 0.1601559E-01
 0.1669350E-01
 0.1703246E-01
 0.1771036E-01
 0.2025252E-01
 0.1584611E-01
 0.1787984E-01
 0.1804932E-01
 0.1889670E-01
 0.1669350E-01
 0.2109991E-01
 0.2126938E-01
 0.1889670E-01
 0.1957461E-01
 0.2211677E-01
 0.2228625E-01
 0.2482840E-01
 0.2872638E-01
 0.3228540E-01
 0.2398102E-01
 0.2720108E-01
 0.1872723E-01
 0.2160834E-01
 0.1889670E-01
 0.1737141E-01
 0.1669350E-01
 0.1228709E-01
 0.1465977E-01
 0.1110075E-01
 0.7711211E-02
 0.5677485E-02
 0.4830099E-02
 0.3474282E-02
 0.1271079E-02
 0.8473858E-04
 0.5931701E-03
 0.0000000E+00
 0.0000000E+00
 0.0000000E+00
 0.1101228E-02
 0.2287166E-02
 0.3303685E-02
 0.4320203E-02
 0.8047437E-02
 0.7878018E-02
 0.9063956E-02
 0.1143583E-01
 0.1346887E-01
 0.1601017E-01
 0.1465481E-01
 0.2210928E-01
 0.2041508E-01
 0.2109276E-01
 0.2600593E-01
 0.2295638E-01
 0.3091910E-01
 0.2719187E-01
 0.2414231E-01
 0.2295638E-01
 0.1990682E-01
 0.1905972E-01
 0.1990682E-01
 0.2160102E-01
 0.1617959E-01
 0.1702668E-01
 0.1651843E-01
 0.1804320E-01
 0.1939856E-01
 0.1634900E-01
 0.1736552E-01
 0.1668784E-01
 0.2075392E-01
 0.1499365E-01
 0.1990682E-01
 0.1990682E-01
 0.1973740E-01
 0.1956798E-01
 0.1973740E-01
 0.2312579E-01
 0.2024566E-01
 0.2719187E-01
 0.3007200E-01
 0.2905549E-01
 0.2837781E-01
 0.2312579E-01
 0.2041508E-01
 0.2007624E-01
 0.1990682E-01
 0.1719610E-01
 0.1550191E-01
 0.1380771E-01
 0.1516307E-01
 0.1058873E-01
 0.7708598E-02
 0.5844981E-02
 0.5167302E-02
 0.2795426E-02
 0.1440068E-02
 0.4235494E-03
 0.7623888E-03
 0.0000000E+00
 0.0000000E+00
 0.0000000E+00
 0.1439824E-02
 0.2625561E-02
 0.2625561E-02
 0.4488863E-02
 0.8046075E-02
 0.6690946E-02
 0.1041755E-01
 0.9739985E-02
 0.1431354E-01
 0.1617684E-01
 0.1499111E-01
 0.2091979E-01
 0.2091979E-01
 0.2058101E-01
 0.2481579E-01
 0.2515457E-01
 0.3108326E-01
 0.2854239E-01
 0.2413822E-01
 0.2244431E-01
 0.1922588E-01
 0.1804014E-01
 0.2447701E-01
 0.1719319E-01
 0.1600745E-01
 0.1871771E-01
 0.1482172E-01
 0.1922588E-01
 0.1753197E-01
 0.1685441E-01
 0.1753197E-01
 0.1905649E-01
 0.1617684E-01
 0.1871771E-01
 0.1922588E-01
 0.1990345E-01
 0.2108919E-01
 0.1651563E-01
 0.2142797E-01
 0.2244431E-01
 0.2159736E-01
 0.2549335E-01
 0.3074447E-01
 0.2955874E-01
 0.2854239E-01
 0.2125858E-01
 0.2363005E-01
 0.1787075E-01
 0.2108919E-01
 0.1719319E-01
 0.1516050E-01
 0.1312781E-01
 0.1516050E-01
 0.1109511E-01
 0.6860337E-02
 0.6013382E-02
 0.5505209E-02
 0.3303125E-02
 0.1270433E-02
 0.9316507E-03
 0.2540866E-03
 0.0000000E+00
 0.0000000E+00
 0.0000000E+00
 0.1101602E-02
 0.2287942E-02
 0.2457419E-02
 0.4491145E-02
 0.8219643E-02
 0.6694348E-02
 0.9914414E-02
 0.1127023E-01
 0.1415134E-01
 0.1398187E-01
 0.1754089E-01
 0.1940514E-01
 0.2245572E-01
 0.2042200E-01
 0.2398102E-01
 0.2720108E-01
 0.2567579E-01
 0.3059063E-01
 0.2703161E-01
 0.2109991E-01
 0.1787984E-01
 0.2093043E-01
 0.2313363E-01
 0.1618507E-01
 0.1686298E-01
 0.1771036E-01
 0.1804932E-01
 0.1720193E-01
 0.1737141E-01
 0.1584611E-01
 0.1754089E-01
 0.1957461E-01
 0.1720193E-01
 0.1787984E-01
 0.2076095E-01
 0.1923566E-01
 0.1821879E-01
 0.1652402E-01
 0.2381154E-01
 0.1889670E-01
 0.2516736E-01
 0.2465893E-01
 0.3177697E-01
 0.3092958E-01
 0.2720108E-01
 0.2126938E-01
 0.2313363E-01
 0.1923566E-01
 0.1838827E-01
 0.1906618E-01
 0.1465977E-01
 0.1262605E-01
 0.1584611E-01
 0.1076180E-01
 0.7711211E-02
 0.5846962E-02
 0.4491145E-02
 0.3982713E-02
 0.1440556E-02
 0.7626473E-03
 0.2542157E-03
 0.0000000E+00
 0.0000000E+00
 0.0000000E+00
 0.9325195E-03
 0.2458460E-02
 0.2119363E-02
 0.4493048E-02
 0.7544931E-02
 0.8562225E-02
 0.8053578E-02
 0.1229230E-01
 0.1398779E-01
 0.1381824E-01
 0.1703968E-01
 0.2009156E-01
 0.2161750E-01
 0.2144795E-01
 0.2314344E-01
 0.2873855E-01
 0.2755171E-01
 0.2873855E-01
 0.2755171E-01
 0.1958291E-01
 0.1907426E-01
 0.2076975E-01
 0.1924381E-01
 0.1992201E-01
 0.1839607E-01
 0.1398779E-01
 0.2161750E-01
 0.1483554E-01
 0.1500509E-01
 0.1737877E-01
 0.1873516E-01
 0.1602238E-01
 0.1958291E-01
 0.2026111E-01
 0.1703968E-01
 0.2093930E-01
 0.1619193E-01
 0.2026111E-01
 0.2110885E-01
 0.2161750E-01
 0.2466938E-01
 0.2365209E-01
 0.3111224E-01
 0.3145134E-01
 0.2789081E-01
 0.2161750E-01
 0.2144795E-01
 0.2178705E-01
 0.1534418E-01
 0.2043065E-01
 0.1415734E-01
 0.1398779E-01
 0.1449644E-01
 0.1127501E-01
 0.8562225E-02
 0.5849441E-02
 0.3814853E-02
 0.4323499E-02
 0.1780265E-02
 0.5934215E-03
 0.0000000E+00
 0.0000000E+00
 0.0000000E+00
 0.0000000E+00
 0.1271833E-02
 0.2289300E-02
 0.1441411E-02
 0.5172121E-02
 0.7376632E-02
 0.8563677E-02
 0.7546210E-02
 0.1280312E-01
 0.1483805E-01
 0.1449890E-01
 0.1500763E-01
 0.2196032E-01
 0.1873834E-01
 0.2246905E-01
 0.2416483E-01
 0.2670850E-01
 0.2857385E-01
 0.3010005E-01
 0.2552145E-01
 0.2060370E-01
 0.2162116E-01
 0.1890792E-01
 0.1890792E-01
 0.1856876E-01
 0.1873834E-01
 0.1738172E-01
 0.1738172E-01
 0.1704256E-01
 0.1585552E-01
 0.1636425E-01
 0.1653383E-01
 0.1721214E-01
 0.2111243E-01
 0.2043412E-01
 0.1822961E-01
 0.1687299E-01
 0.1534679E-01
 0.2229947E-01
 0.1873834E-01
 0.2467356E-01
 0.2179074E-01
 0.2552145E-01
 0.2976090E-01
 0.3111752E-01
 0.2806512E-01
 0.2399525E-01
 0.2179074E-01
 0.2043412E-01
 0.1755130E-01
 0.1839919E-01
 0.1534679E-01
 0.1415974E-01
 0.1314228E-01
 0.1059861E-01
 0.1025945E-01
 0.5172121E-02
 0.4493810E-02
 0.4493810E-02
 0.1950144E-02
 0.8478887E-04
 0.0000000E+00
 0.0000000E+00
 0.0000000E+00
 0.0000000E+00
 0.2288911E-02
 0.1441167E-02
 0.9325195E-03
 0.6018990E-02
 0.7544931E-02
 0.6697185E-02
 0.7884028E-02
 0.1314005E-01
 0.1500509E-01
 0.1195320E-01
 0.1670058E-01
 0.2060020E-01
 0.1805697E-01
 0.2500848E-01
 0.2500848E-01
 0.2534758E-01
 0.2992540E-01
 0.3026450E-01
 0.2331299E-01
 0.2297389E-01
 0.2026111E-01
 0.2043065E-01
 0.1687013E-01
 0.2009156E-01
 0.1907426E-01
 0.1924381E-01
 0.1347915E-01
 0.1619193E-01
 0.1754832E-01
 0.1568328E-01
 0.1687013E-01
 0.1788742E-01
 0.2009156E-01
 0.2093930E-01
 0.1737877E-01
 0.1483554E-01
 0.1992201E-01
 0.1890471E-01
 0.1992201E-01
 0.2416073E-01
 0.2331299E-01
 0.2280434E-01
 0.3094269E-01
 0.3365548E-01
 0.2602577E-01
 0.2382164E-01
 0.2382164E-01
 0.1822652E-01
 0.1873516E-01
 0.1687013E-01
 0.1754832E-01
 0.1347915E-01
 0.1246185E-01
 0.1144456E-01
 0.9579519E-02
 0.5510342E-02
 0.5001695E-02
 0.4493048E-02
 0.2119363E-02
 0.2543235E-03
 0.0000000E+00
 0.0000000E+00
 0.0000000E+00
 0.0000000E+00
 0.1780566E-02
 0.1780566E-02
 0.7630999E-03
 0.6189588E-02
 0.6867899E-02
 0.6528744E-02
 0.8224521E-02
 0.1314228E-01
 0.1466848E-01
 0.1246396E-01
 0.1772087E-01
 0.1941665E-01
 0.1958623E-01
 0.2450399E-01
 0.2331694E-01
 0.2535187E-01
 0.3043921E-01
 0.2976090E-01
 0.2433441E-01
 0.2077327E-01
 0.2280821E-01
 0.2094285E-01
 0.1653383E-01
 0.1890792E-01
 0.1890792E-01
 0.2009496E-01
 0.1297270E-01
 0.1619468E-01
 0.1721214E-01
 0.1670341E-01
 0.1602510E-01
 0.1822961E-01
 0.2043412E-01
 0.2043412E-01
 0.1721214E-01
 0.1297270E-01
 0.2145158E-01
 0.1856876E-01
 0.2009496E-01
 0.2331694E-01
 0.2450399E-01
 0.2246905E-01
 0.3026963E-01
 0.3298287E-01
 0.2789554E-01
 0.2518230E-01
 0.2196032E-01
 0.1992539E-01
 0.1687299E-01
 0.1873834E-01
 0.1602510E-01
 0.1399016E-01
 0.1314228E-01
 0.9581143E-02
 0.9581143E-02
 0.7037477E-02
 0.4663388E-02
 0.4663388E-02
 0.2628455E-02
 0.2543666E-03
 0.0000000E+00
 0.0000000E+00
 0.0000000E+00
 0.0000000E+00
 0.1950475E-02
 0.5936228E-03
 0.1950475E-02
 0.6021031E-02
 0.6529851E-02
 0.6869064E-02
 0.7717096E-02
 0.1314451E-01
 0.1450136E-01
 0.1331411E-01
 0.1619742E-01
 0.1908073E-01
 0.2111601E-01
 0.2332089E-01
 0.2399932E-01
 0.2654342E-01
 0.2908752E-01
 0.3044437E-01
 0.2518657E-01
 0.2162483E-01
 0.1992876E-01
 0.2145522E-01
 0.1704546E-01
 0.1840231E-01
 0.2111601E-01
 0.1602782E-01
 0.1602782E-01
 0.1433175E-01
 0.1636703E-01
 0.1721506E-01
 0.1755427E-01
 0.1823270E-01
 0.2026798E-01
 0.1738467E-01
 0.1806309E-01
 0.1687585E-01
 0.1721506E-01
 0.1857191E-01
 0.2264247E-01
 0.2145522E-01
 0.2450814E-01
 0.2399932E-01
 0.2806988E-01
 0.3231004E-01
 0.2840909E-01
 0.2671303E-01
 0.2162483E-01
 0.1992876E-01
 0.1721506E-01
 0.1857191E-01
 0.1789349E-01
 0.1348372E-01
 0.1229647E-01
 0.9413161E-02
 0.9582768E-02
 0.8734736E-02
 0.4155360E-02
 0.4494573E-02
 0.2968114E-02
 0.2544098E-03
 0.0000000E+00
 0.0000000E+00
 0.0000000E+00
 0.0000000E+00
 0.1611262E-02
 0.1272049E-02
 0.1441655E-02
 0.6190638E-02
 0.7208277E-02
 0.5003392E-02
 0.7886703E-02
 0.1416214E-01
 0.1365332E-01
 0.1484057E-01
 0.1433175E-01
 0.1806309E-01
 0.2332089E-01
 0.2366011E-01
 0.2111601E-01
 0.2959634E-01
 0.2823948E-01
 0.2840909E-01
 0.2535617E-01
 0.2382972E-01
 0.2111601E-01
 0.1806309E-01
 0.2128562E-01
 0.1670624E-01
 0.1891113E-01
 0.1670624E-01
 0.1789349E-01
 0.1534939E-01
 0.1433175E-01
 0.1636703E-01
 0.1925034E-01
 0.1874152E-01
 0.1857191E-01
 0.1484057E-01
 0.1840231E-01
 0.1941995E-01
 0.1534939E-01
 0.2213365E-01
 0.1840231E-01
 0.2196404E-01
 0.2382972E-01
 0.2416893E-01
 0.2993555E-01
 0.3197083E-01
 0.2756106E-01
 0.2722185E-01
 0.2264247E-01
 0.2026798E-01
 0.1619742E-01
 0.1908073E-01
 0.1721506E-01
 0.1416214E-01
 0.1127883E-01
 0.1060041E-01
 0.8904342E-02
 0.9243555E-02
 0.4324966E-02
 0.5342605E-02
 0.2459294E-02
 0.5936228E-03
 0.0000000E+00
 0.0000000E+00
 0.0000000E+00
 0.0000000E+00
 0.1442145E-02
 0.9331523E-03
 0.2120801E-02
 0.5853410E-02
 0.6362402E-02
 0.6192738E-02
 0.8059043E-02
 0.1433661E-01
 0.1213098E-01
 0.1501527E-01
 0.1433661E-01
 0.1891754E-01
 0.2265015E-01
 0.2281982E-01
 0.2231083E-01
 0.2824907E-01
 0.3011537E-01
 0.2824907E-01
 0.2604343E-01
 0.2265015E-01
 0.2061418E-01
 0.1840855E-01
 0.2095351E-01
 0.1874788E-01
 0.1501527E-01
 0.1908721E-01
 0.1705124E-01
 0.1535460E-01
 0.1450628E-01
 0.1620292E-01
 0.1840855E-01
 0.2146250E-01
 0.1501527E-01
 0.1620292E-01
 0.1789956E-01
 0.1857821E-01
 0.1891754E-01
 0.1959620E-01
 0.1806922E-01
 0.2180183E-01
 0.2383780E-01
 0.2281982E-01
 0.3215134E-01
 0.3011537E-01
 0.2858840E-01
 0.2723108E-01
 0.2349847E-01
 0.1959620E-01
 0.1789956E-01
 0.1739057E-01
 0.1789956E-01
 0.1450628E-01
 0.1162199E-01
 0.9925348E-02
 0.9077027E-02
 0.8907364E-02
 0.5683746E-02
 0.5683746E-02
 0.2120801E-02
 0.7634883E-03
 0.0000000E+00
 0.0000000E+00
 0.0000000E+00
 0.0000000E+00
 0.7637474E-03
 0.1103191E-02
 0.2630686E-02
 0.5855397E-02
 0.5176511E-02
 0.6873727E-02
 0.8231500E-02
 0.1434148E-01
 0.1315343E-01
 0.1349287E-01
 0.1502037E-01
 0.2011202E-01
 0.2113035E-01
 0.2146979E-01
 0.2554311E-01
 0.2859810E-01
 0.2741005E-01
 0.3063476E-01
 0.2486422E-01
 0.2384589E-01
 0.1994229E-01
 0.1960285E-01
 0.1977257E-01
 0.1943313E-01
 0.1603870E-01
 0.1535981E-01
 0.1790563E-01
 0.1671758E-01
 0.1620842E-01
 0.1451120E-01
 0.2028174E-01
 0.1875424E-01
 0.1434148E-01
 0.1603870E-01
 0.1756619E-01
 0.2146979E-01
 0.1875424E-01
 0.1705703E-01
 0.2163951E-01
 0.1824508E-01
 0.2384589E-01
 0.2605227E-01
 0.3114392E-01
 0.2927699E-01
 0.2995587E-01
 0.2588255E-01
 0.2537339E-01
 0.1739647E-01
 0.2062118E-01
 0.1552953E-01
 0.1892396E-01
 0.1230482E-01
 0.1145621E-01
 0.1043788E-01
 0.9589273E-02
 0.8570944E-02
 0.5515954E-02
 0.4667345E-02
 0.2630686E-02
 0.9334691E-03
 0.0000000E+00
 0.0000000E+00
 0.0000000E+00
 0.8485363E-04
 0.7636826E-03
 0.7636826E-03
 0.3139584E-02
 0.5685193E-02
 0.5345779E-02
 0.6533729E-02
 0.9249046E-02
 0.1077641E-01
 0.1637675E-01
 0.1417056E-01
 0.1484939E-01
 0.1909207E-01
 0.2146797E-01
 0.2282563E-01
 0.2655919E-01
 0.2995333E-01
 0.2554094E-01
 0.2876538E-01
 0.2621977E-01
 0.2435299E-01
 0.2028002E-01
 0.1824353E-01
 0.2095885E-01
 0.1756470E-01
 0.1637675E-01
 0.1569792E-01
 0.1824353E-01
 0.1739499E-01
 0.1434026E-01
 0.1790412E-01
 0.1858294E-01
 0.1569792E-01
 0.1501909E-01
 0.1807382E-01
 0.1654646E-01
 0.1841324E-01
 0.2129826E-01
 0.1926177E-01
 0.1892236E-01
 0.1977090E-01
 0.2316504E-01
 0.2655919E-01
 0.3215953E-01
 0.2944421E-01
 0.2842597E-01
 0.2621977E-01
 0.2503182E-01
 0.1824353E-01
 0.1977090E-01
 0.1535851E-01
 0.1909207E-01
 0.1196436E-01
 0.1247348E-01
 0.9758167E-02
 0.9588460E-02
 0.7382266E-02
 0.7042851E-02
 0.4157828E-02
 0.2291048E-02
 0.7636826E-03
 0.0000000E+00
 0.0000000E+00
 0.0000000E+00
 0.0000000E+00
 0.1441900E-02
 0.8481764E-04
 0.4156064E-02
 0.4834605E-02
 0.5852417E-02
 0.7379135E-02
 0.9414759E-02
 0.1060221E-01
 0.1670908E-01
 0.1195929E-01
 0.1687871E-01
 0.1891433E-01
 0.2078032E-01
 0.2213741E-01
 0.2824428E-01
 0.2773537E-01
 0.2671756E-01
 0.2824428E-01
 0.2807464E-01
 0.2400339E-01
 0.2179813E-01
 0.1755725E-01
 0.1942324E-01
 0.1908397E-01
 0.1569126E-01
 0.1467345E-01
 0.1721798E-01
 0.1721798E-01
 0.1738762E-01
 0.1874470E-01
 0.1552163E-01
 0.1382528E-01
 0.1670908E-01
 0.1704835E-01
 0.1908397E-01
 0.1789652E-01
 0.2027142E-01
 0.1891433E-01
 0.1942324E-01
 0.1823579E-01
 0.2434266E-01
 0.2994063E-01
 0.2960136E-01
 0.3163698E-01
 0.2790500E-01
 0.2586938E-01
 0.2247667E-01
 0.2044105E-01
 0.1925360E-01
 0.1586090E-01
 0.1857506E-01
 0.1128075E-01
 0.1145038E-01
 0.1026293E-01
 0.1026293E-01
 0.6870229E-02
 0.7548770E-02
 0.3647159E-02
 0.2459712E-02
 0.4240882E-03
 0.0000000E+00
 0.0000000E+00
 0.0000000E+00
 0.2544313E-03
 0.9329150E-03
 0.7632941E-03
 0.4155712E-02
 0.4664575E-02
 0.6021542E-02
 0.6869646E-02
 0.9753201E-02
 0.1094055E-01
 0.1450259E-01
 0.1585955E-01
 0.1738614E-01
 0.1653804E-01
 0.2026970E-01
 0.2315325E-01
 0.2993809E-01
 0.2756339E-01
 0.2569757E-01
 0.2722415E-01
 0.2892036E-01
 0.2417098E-01
 0.2213553E-01
 0.1908235E-01
 0.1755576E-01
 0.1552031E-01
 0.1891273E-01
 0.1670766E-01
 0.1636842E-01
 0.1704690E-01
 0.1721652E-01
 0.1959121E-01
 0.1178865E-01
 0.1416335E-01
 0.1755576E-01
 0.1755576E-01
 0.1806463E-01
 0.1874311E-01
 0.1925197E-01
 0.1976083E-01
 0.2077856E-01
 0.1670766E-01
 0.2603681E-01
 0.2925961E-01
 0.2925961E-01
 0.3265202E-01
 0.2688491E-01
 0.2434060E-01
 0.2332287E-01
 0.2094818E-01
 0.2077856E-01
 0.1450259E-01
 0.1687728E-01
 0.1382410E-01
 0.1026206E-01
 0.1111017E-01
 0.8735476E-02
 0.7208888E-02
 0.7887372E-02
 0.3477228E-02
 0.1781019E-02
 0.7632941E-03
 0.0000000E+00
 0.0000000E+00
 0.0000000E+00
 0.2544745E-03
 0.2544745E-03
 0.2459920E-02
 0.3138519E-02
 0.3986767E-02
 0.5852914E-02
 0.7888710E-02
 0.1043345E-01
 0.1094240E-01
 0.1297820E-01
 0.1840699E-01
 0.1501400E-01
 0.1637119E-01
 0.2213928E-01
 0.2366613E-01
 0.2807702E-01
 0.2722877E-01
 0.2671982E-01
 0.2977352E-01
 0.2875562E-01
 0.2196963E-01
 0.2112138E-01
 0.2264823E-01
 0.1535330E-01
 0.1671049E-01
 0.1704979E-01
 0.1721944E-01
 0.1518365E-01
 0.1908559E-01
 0.1908559E-01
 0.1620154E-01
 0.1229960E-01
 0.1484435E-01
 0.1620154E-01
 0.1772839E-01
 0.1874629E-01
 0.1976419E-01
 0.1738909E-01
 0.1908559E-01
 0.2129103E-01
 0.1891594E-01
 0.2400543E-01
 0.3045212E-01
 0.2943422E-01
 0.3265756E-01
 0.2638052E-01
 0.2400543E-01
 0.2417508E-01
 0.2010349E-01
 0.2095173E-01
 0.1365680E-01
 0.1671049E-01
 0.1416575E-01
 0.1009416E-01
 0.1229960E-01
 0.8228010E-02
 0.7210111E-02
 0.6361863E-02
 0.4835016E-02
 0.1781322E-02
 0.2544745E-03
 0.0000000E+00
 0.0000000E+00
 0.0000000E+00
 0.8483923E-04
 0.4241962E-03
 0.2290659E-02
 0.3648087E-02
 0.4326801E-02
 0.5853907E-02
 0.7211335E-02
 0.1060490E-01
 0.1043523E-01
 0.1264105E-01
 0.1976754E-01
 0.1569526E-01
 0.1671333E-01
 0.2095529E-01
 0.2383982E-01
 0.2842114E-01
 0.2672436E-01
 0.2587597E-01
 0.3147535E-01
 0.2960889E-01
 0.2112497E-01
 0.2231272E-01
 0.2095529E-01
 0.1467719E-01
 0.1756172E-01
 0.1654365E-01
 0.1756172E-01
 0.1552558E-01
 0.1807076E-01
 0.1824044E-01
 0.1552558E-01
 0.1603461E-01
 0.1213201E-01
 0.1705269E-01
 0.1722236E-01
 0.1824044E-01
 0.1807076E-01
 0.1857979E-01
 0.1756172E-01
 0.2282175E-01
 0.2231272E-01
 0.2010690E-01
 0.3130567E-01
 0.3181471E-01
 0.3011793E-01
 0.2808179E-01
 0.2468822E-01
 0.2027658E-01
 0.2350047E-01
 0.2095529E-01
 0.1467719E-01
 0.1586494E-01
 0.1315008E-01
 0.1026555E-01
 0.1179265E-01
 0.7550691E-02
 0.8059727E-02
 0.5853907E-02
 0.5175193E-02
 0.1442267E-02
 0.5938746E-03
 0.0000000E+00
 0.0000000E+00
 0.0000000E+00
 0.8482484E-04
 0.7634235E-03
 0.2799220E-02
 0.2459920E-02
 0.4326066E-02
 0.5852914E-02
 0.8397659E-02
 0.1043345E-01
 0.1128170E-01
 0.1314785E-01
 0.1806769E-01
 0.1535330E-01
 0.1738909E-01
 0.2298753E-01
 0.2281788E-01
 0.2621087E-01
 0.2638052E-01
 0.2892527E-01
 0.2994317E-01
 0.3113071E-01
 0.2078209E-01
 0.2010349E-01
 0.2213928E-01
 0.1671049E-01
 0.1637119E-01
 0.1501400E-01
 0.1840699E-01
 0.1721944E-01
 0.1755874E-01
 0.1789804E-01
 0.1297820E-01
 0.1518365E-01
 0.1721944E-01
 0.1331750E-01
 0.1755874E-01
 0.1654084E-01
 0.1755874E-01
 0.2129103E-01
 0.1755874E-01
 0.2044279E-01
 0.2332683E-01
 0.2332683E-01
 0.3045212E-01
 0.3147002E-01
 0.2756807E-01
 0.2858597E-01
 0.2553228E-01
 0.2179998E-01
 0.2332683E-01
 0.1806769E-01
 0.1637119E-01
 0.1501400E-01
 0.1331750E-01
 0.1229960E-01
 0.1043345E-01
 0.7210111E-02
 0.8736958E-02
 0.5004665E-02
 0.5174315E-02
 0.1950971E-02
 0.4241242E-03
 0.0000000E+00
 0.0000000E+00
 0.0000000E+00
 0.8485363E-04
 0.7636826E-03
 0.2969877E-02
 0.2121341E-02
 0.4327535E-02
 0.6194315E-02
 0.9418753E-02
 0.9249046E-02
 0.1009758E-01
 0.1518880E-01
 0.1773441E-01
 0.1586763E-01
 0.1739499E-01
 0.2231650E-01
 0.2520153E-01
 0.2248621E-01
 0.2588036E-01
 0.3266865E-01
 0.2740772E-01
 0.3249894E-01
 0.2231650E-01
 0.1858294E-01
 0.2061943E-01
 0.1858294E-01
 0.1569792E-01
 0.1773441E-01
 0.1535851E-01
 0.1807382E-01
 0.1705558E-01
 0.1484939E-01
 0.1552821E-01
 0.1552821E-01
 0.1756470E-01
 0.1332202E-01
 0.1739499E-01
 0.1518880E-01
 0.1824353E-01
 0.2028002E-01
 0.1960119E-01
 0.2011031E-01
 0.2163767E-01
 0.2571065E-01
 0.2791684E-01
 0.3487484E-01
 0.2655919E-01
 0.2689860E-01
 0.2452270E-01
 0.2537123E-01
 0.2028002E-01
 0.1705558E-01
 0.1960119E-01
 0.1349173E-01
 0.1264319E-01
 0.1400085E-01
 0.9079338E-02
 0.8739924E-02
 0.7551973E-02
 0.5515486E-02
 0.3818413E-02
 0.2800170E-02
 0.4242681E-03
 0.0000000E+00
 0.0000000E+00
 0.0000000E+00
 0.2544313E-03
 0.1272157E-02
 0.2459503E-02
 0.2629124E-02
 0.3816470E-02
 0.6191163E-02
 0.7548130E-02
 0.1144941E-01
 0.1026206E-01
 0.1467221E-01
 0.1568993E-01
 0.1636842E-01
 0.1891273E-01
 0.2298363E-01
 0.2332287E-01
 0.2281401E-01
 0.2620643E-01
 0.3163430E-01
 0.3027733E-01
 0.3146468E-01
 0.2179629E-01
 0.2043932E-01
 0.1721652E-01
 0.2043932E-01
 0.1738614E-01
 0.1721652E-01
 0.1399372E-01
 0.1959121E-01
 0.1585955E-01
 0.1382410E-01
 0.1619880E-01
 0.1568993E-01
 0.1484183E-01
 0.1772538E-01
 0.1195827E-01
 0.1806463E-01
 0.1670766E-01
 0.2026970E-01
 0.2111780E-01
 0.1840387E-01
 0.2349249E-01
 0.2434060E-01
 0.3061657E-01
 0.3383937E-01
 0.2858112E-01
 0.2281401E-01
 0.2552794E-01
 0.2739378E-01
 0.1823425E-01
 0.1874311E-01
 0.1823425E-01
 0.1382410E-01
 0.1399372E-01
 0.1280638E-01
 0.1009244E-01
 0.7887372E-02
 0.8226614E-02
 0.5173437E-02
 0.3137987E-02
 0.3477228E-02
 0.5936731E-03
 0.0000000E+00
 0.0000000E+00
 0.0000000E+00
 0.2543882E-03
 0.1102349E-02
 0.2628678E-02
 0.2459086E-02
 0.4324599E-02
 0.5850928E-02
 0.8055626E-02
 0.1093869E-01
 0.1026032E-01
 0.1551768E-01
 0.1551768E-01
 0.1670483E-01
 0.1958789E-01
 0.2264055E-01
 0.2196218E-01
 0.2281014E-01
 0.2654117E-01
 0.2976342E-01
 0.3078097E-01
 0.3298567E-01
 0.2297973E-01
 0.2043585E-01
 0.1738319E-01
 0.1602646E-01
 0.2348851E-01
 0.1483931E-01
 0.1534809E-01
 0.1738319E-01
 0.1534809E-01
 0.1365217E-01
 0.1704401E-01
 0.1585686E-01
 0.1619605E-01
 0.1416094E-01
 0.1450013E-01
 0.1755279E-01
 0.1602646E-01
 0.1806156E-01
 0.2264055E-01
 0.1738319E-01
 0.2552362E-01
 0.2348851E-01
 0.3332485E-01
 0.3247689E-01
 0.2738913E-01
 0.2467565E-01
 0.2450606E-01
 0.2535402E-01
 0.2179259E-01
 0.1721360E-01
 0.1687442E-01
 0.1433054E-01
 0.1517850E-01
 0.1144747E-01
 0.1093869E-01
 0.8225218E-02
 0.7886034E-02
 0.4833376E-02
 0.2798270E-02
 0.3985415E-02
 0.7631646E-03
 0.0000000E+00
 0.0000000E+00
 0.0000000E+00
 0.1101602E-02
 0.5931701E-03
 0.2287942E-02
 0.3304805E-02
 0.3813236E-02
 0.6355394E-02
 0.7711211E-02
 0.9914414E-02
 0.1245657E-01
 0.1465977E-01
 0.1550716E-01
 0.1703246E-01
 0.1754089E-01
 0.2330311E-01
 0.2109991E-01
 0.2601475E-01
 0.2516736E-01
 0.2804847E-01
 0.3211592E-01
 0.3092958E-01
 0.2550631E-01
 0.2025252E-01
 0.1669350E-01
 0.1872723E-01
 0.2008304E-01
 0.1635455E-01
 0.1804932E-01
 0.1449030E-01
 0.1313448E-01
 0.1686298E-01
 0.1567664E-01
 0.1601559E-01
 0.1364291E-01
 0.1415134E-01
 0.1821879E-01
 0.1381239E-01
 0.1906618E-01
 0.1652402E-01
 0.1923566E-01
 0.2245572E-01
 0.2448945E-01
 0.2279468E-01
 0.3313278E-01
 0.3160749E-01
 0.2821795E-01
 0.2533684E-01
 0.2499788E-01
 0.2364207E-01
 0.2313363E-01
 0.1584611E-01
 0.1686298E-01
 0.1398187E-01
 0.1787984E-01
 0.8728074E-02
 0.1313448E-01
 0.8389120E-02
 0.7880688E-02
 0.3813236E-02
 0.3304805E-02
 0.3474282E-02
 0.1440556E-02
 0.0000000E+00
 0.0000000E+00
 0.0000000E+00
 0.1610033E-02
 0.8473858E-04
 0.2457419E-02
 0.3643759E-02
 0.3643759E-02
 0.5508008E-02
 0.8728074E-02
 0.1008389E-01
 0.1177866E-01
 0.1432082E-01
 0.1482925E-01
 0.1821879E-01
 0.1838827E-01
 0.2330311E-01
 0.2076095E-01
 0.2601475E-01
 0.2279468E-01
 0.3042115E-01
 0.2940429E-01
 0.3211592E-01
 0.2804847E-01
 0.1991357E-01
 0.1567664E-01
 0.2126938E-01
 0.1618507E-01
 0.1923566E-01
 0.1652402E-01
 0.1364291E-01
 0.1550716E-01
 0.1533768E-01
 0.1499873E-01
 0.1737141E-01
 0.1347343E-01
 0.1449030E-01
 0.1499873E-01
 0.1635455E-01
 0.1720193E-01
 0.1703246E-01
 0.1889670E-01
 0.2330311E-01
 0.1974409E-01
 0.2838743E-01
 0.3313278E-01
 0.2974324E-01
 0.2889586E-01
 0.2499788E-01
 0.2567579E-01
 0.2313363E-01
 0.2347259E-01
 0.1584611E-01
 0.1601559E-01
 0.1601559E-01
 0.1686298E-01
 0.8728074E-02
 0.1347343E-01
 0.8389120E-02
 0.7880688E-02
 0.4152190E-02
 0.3135327E-02
 0.3135327E-02
 0.1610033E-02
 0.0000000E+00
 0.0000000E+00
 0.0000000E+00
 0.1440312E-02
 0.8472422E-04
 0.2795899E-02
 0.3643142E-02
 0.3473693E-02
 0.5168178E-02
 0.8726595E-02
 0.1160722E-01
 0.9912734E-02
 0.1516564E-01
 0.1584343E-01
 0.1838516E-01
 0.1889350E-01
 0.1940185E-01
 0.2414640E-01
 0.2363806E-01
 0.2465475E-01
 0.3007710E-01
 0.2889096E-01
 0.3109379E-01
 0.2990765E-01
 0.1872405E-01
 0.1889350E-01
 0.1940185E-01
 0.1686012E-01
 0.1584343E-01
 0.2007964E-01
 0.1330170E-01
 0.1330170E-01
 0.1516564E-01
 0.1686012E-01
 0.1381005E-01
 0.1431839E-01
 0.1516564E-01
 0.1499619E-01
 0.1736847E-01
 0.1465729E-01
 0.1923240E-01
 0.1787681E-01
 0.2177412E-01
 0.2109633E-01
 0.2956875E-01
 0.3177159E-01
 0.3075489E-01
 0.2906041E-01
 0.2431585E-01
 0.2651868E-01
 0.2194357E-01
 0.2211302E-01
 0.1804626E-01
 0.1669067E-01
 0.1516564E-01
 0.1635177E-01
 0.1092942E-01
 0.1025163E-01
 0.1075998E-01
 0.7032110E-02
 0.4151487E-02
 0.3134796E-02
 0.3304245E-02
 0.2457002E-02
 0.0000000E+00
 0.0000000E+00
 0.0000000E+00
 0.1101788E-02
 0.5932706E-03
 0.2966353E-02
 0.2627341E-02
 0.4322400E-02
 0.5000424E-02
 0.9577082E-02
 0.1008560E-01
 0.9916094E-02
 0.1534028E-01
 0.1584880E-01
 0.1720485E-01
 0.1923892E-01
 0.2076447E-01
 0.2381558E-01
 0.2245953E-01
 0.2584965E-01
 0.3025680E-01
 0.2720569E-01
 0.3076532E-01
 0.2720569E-01
 0.2398508E-01
 0.1940843E-01
 0.1788287E-01
 0.1703534E-01
 0.1703534E-01
 0.1669633E-01
 0.1635732E-01
 0.1398424E-01
 0.1567929E-01
 0.1279769E-01
 0.1466226E-01
 0.1483177E-01
 0.1500127E-01
 0.1584880E-01
 0.1601831E-01
 0.1703534E-01
 0.1652682E-01
 0.1805238E-01
 0.2025595E-01
 0.2296805E-01
 0.3008730E-01
 0.3110433E-01
 0.3042631E-01
 0.2839224E-01
 0.2720569E-01
 0.2517162E-01
 0.2347657E-01
 0.2008645E-01
 0.1771337E-01
 0.1720485E-01
 0.1550979E-01
 0.1652682E-01
 0.1161115E-01
 0.9916094E-02
 0.1127214E-01
 0.7204000E-02
 0.4322400E-02
 0.2118824E-02
 0.3813883E-02
 0.2627341E-02
 0.0000000E+00
 0.0000000E+00
 0.0000000E+00
 0.1271833E-02
 0.0000000E+00
 0.3815499E-02
 0.2289300E-02
 0.3815499E-02
 0.5511277E-02
 0.9411565E-02
 0.8902832E-02
 0.1093777E-01
 0.1500763E-01
 0.1738172E-01
 0.1483805E-01
 0.1822961E-01
 0.2348652E-01
 0.2314736E-01
 0.2331694E-01
 0.2518230E-01
 0.2857385E-01
 0.2687807E-01
 0.3213498E-01
 0.2501272E-01
 0.2687807E-01
 0.2212990E-01
 0.1755130E-01
 0.1602510E-01
 0.1806003E-01
 0.1297270E-01
 0.1907750E-01
 0.1415974E-01
 0.1483805E-01
 0.1059861E-01
 0.1415974E-01
 0.1806003E-01
 0.1331185E-01
 0.1466848E-01
 0.1619468E-01
 0.1636425E-01
 0.1602510E-01
 0.1992539E-01
 0.1941665E-01
 0.2382567E-01
 0.2857385E-01
 0.3315245E-01
 0.2823470E-01
 0.3077836E-01
 0.2653892E-01
 0.2365610E-01
 0.2569103E-01
 0.1924708E-01
 0.1822961E-01
 0.1619468E-01
 0.1687299E-01
 0.1449890E-01
 0.1348143E-01
 0.1161608E-01
 0.9241987E-02
 0.8054943E-02
 0.4493810E-02
 0.1610989E-02
 0.4154655E-02
 0.2289300E-02
 0.0000000E+00
 0.0000000E+00
 0.0000000E+00
 0.1102723E-02
 0.4241242E-03
 0.3138519E-02
 0.2290271E-02
 0.4495716E-02
 0.6022563E-02
 0.8736958E-02
 0.8736958E-02
 0.1145135E-01
 0.1518365E-01
 0.1603189E-01
 0.1586225E-01
 0.1772839E-01
 0.2366613E-01
 0.2163033E-01
 0.2332683E-01
 0.2722877E-01
 0.2705912E-01
 0.2655017E-01
 0.3214861E-01
 0.2519298E-01
 0.2655017E-01
 0.2468403E-01
 0.1671049E-01
 0.1671049E-01
 0.1620154E-01
 0.1654084E-01
 0.1297820E-01
 0.1891594E-01
 0.1196030E-01
 0.1229960E-01
 0.1365680E-01
 0.1721944E-01
 0.1620154E-01
 0.1467470E-01
 0.1399610E-01
 0.1552294E-01
 0.1874629E-01
 0.1637119E-01
 0.2061244E-01
 0.2485368E-01
 0.2604122E-01
 0.3384511E-01
 0.2994317E-01
 0.2807702E-01
 0.2739842E-01
 0.2604122E-01
 0.2519298E-01
 0.1959454E-01
 0.1637119E-01
 0.1806769E-01
 0.1586225E-01
 0.1433540E-01
 0.1280855E-01
 0.1331750E-01
 0.8228010E-02
 0.8906608E-02
 0.4326066E-02
 0.1611672E-02
 0.4665366E-02
 0.1950971E-02
 0.0000000E+00
 0.0000000E+00
 0.0000000E+00
 0.1102349E-02
 0.4239803E-03
 0.3307047E-02
 0.1611125E-02
 0.4833376E-02
 0.5850928E-02
 0.8903587E-02
 0.8225218E-02
 0.1195625E-01
 0.1483931E-01
 0.1636564E-01
 0.1602646E-01
 0.1873993E-01
 0.2026626E-01
 0.2450606E-01
 0.2281014E-01
 0.2688035E-01
 0.2450606E-01
 0.2857627E-01
 0.3027220E-01
 0.2857627E-01
 0.2179259E-01
 0.2755872E-01
 0.1941830E-01
 0.1755279E-01
 0.1280421E-01
 0.1738319E-01
 0.1534809E-01
 0.1568727E-01
 0.1212584E-01
 0.1144747E-01
 0.1568727E-01
 0.1365217E-01
 0.1840075E-01
 0.1534809E-01
 0.1348257E-01
 0.1551768E-01
 0.1602646E-01
 0.1924871E-01
 0.2213177E-01
 0.2145340E-01
 0.2688035E-01
 0.3383363E-01
 0.2993301E-01
 0.2908505E-01
 0.2925464E-01
 0.2331892E-01
 0.2552362E-01
 0.2043585E-01
 0.1517850E-01
 0.1806156E-01
 0.1602646E-01
 0.1585686E-01
 0.1263461E-01
 0.1263461E-01
 0.8225218E-02
 0.7546850E-02
 0.6698889E-02
 0.9327567E-03
 0.4324599E-02
 0.2967862E-02
 0.0000000E+00
 0.0000000E+00
 0.0000000E+00
 0.5940762E-03
 0.1273020E-02
 0.2121701E-02
 0.1782229E-02
 0.5007214E-02
 0.7044047E-02
 0.7383519E-02
 0.9590087E-02
 0.1060850E-01
 0.1604006E-01
 0.1417296E-01
 0.1824663E-01
 0.1841636E-01
 0.1926504E-01
 0.2435713E-01
 0.2367818E-01
 0.2656369E-01
 0.2554528E-01
 0.2741237E-01
 0.3012815E-01
 0.2978868E-01
 0.2401765E-01
 0.2367818E-01
 0.2062293E-01
 0.1739795E-01
 0.1468217E-01
 0.1570059E-01
 0.1705847E-01
 0.1145718E-01
 0.1366375E-01
 0.1451243E-01
 0.1570059E-01
 0.1298481E-01
 0.1536111E-01
 0.1671900E-01
 0.1298481E-01
 0.1468217E-01
 0.1502164E-01
 0.1977425E-01
 0.2215056E-01
 0.2232029E-01
 0.2775185E-01
 0.3182551E-01
 0.3165577E-01
 0.2978868E-01
 0.2792158E-01
 0.2299924E-01
 0.2622422E-01
 0.1994399E-01
 0.1739795E-01
 0.1620979E-01
 0.1553085E-01
 0.1790715E-01
 0.1230586E-01
 0.1128745E-01
 0.8741407E-02
 0.7892727E-02
 0.7044047E-02
 0.7638123E-03
 0.4498005E-02
 0.2800645E-02
 0.0000000E+00
 0.0000000E+00
 0.0000000E+00
 0.0000000E+00
 0.1782682E-02
 0.1612903E-02
 0.3140917E-02
 0.3989813E-02
 0.7724958E-02
 0.6876061E-02
 0.8404075E-02
 0.1332767E-01
 0.1349745E-01
 0.1366723E-01
 0.1960951E-01
 0.1723260E-01
 0.2181664E-01
 0.2300509E-01
 0.2402377E-01
 0.2707980E-01
 0.2368421E-01
 0.2826825E-01
 0.2809847E-01
 0.3030560E-01
 0.2538200E-01
 0.2300509E-01
 0.2130730E-01
 0.1757216E-01
 0.1757216E-01
 0.1315789E-01
 0.1553481E-01
 0.1162988E-01
 0.1451613E-01
 0.1553481E-01
 0.1247878E-01
 0.1502547E-01
 0.1468591E-01
 0.1655348E-01
 0.1485569E-01
 0.1281834E-01
 0.1706282E-01
 0.1723260E-01
 0.2130730E-01
 0.2436333E-01
 0.2707980E-01
 0.3047538E-01
 0.3183362E-01
 0.3098472E-01
 0.2741935E-01
 0.2453311E-01
 0.2334465E-01
 0.2164686E-01
 0.1893039E-01
 0.1485569E-01
 0.1536503E-01
 0.1655348E-01
 0.1451613E-01
 0.1061121E-01
 0.9592529E-02
 0.7894737E-02
 0.6706282E-02
 0.1952462E-02
 0.4159593E-02
 0.2801358E-02
 0.0000000E+00
 0.0000000E+00
 0.0000000E+00
 0.0000000E+00
 0.2291631E-02
 0.2121881E-02
 0.2121881E-02
 0.5516890E-02
 0.6026141E-02
 0.8232898E-02
 0.7553896E-02
 0.1349516E-01
 0.1400441E-01
 0.1502292E-01
 0.1655067E-01
 0.2062468E-01
 0.2028518E-01
 0.2215244E-01
 0.2639620E-01
 0.2503819E-01
 0.2317094E-01
 0.2622645E-01
 0.3148871E-01
 0.3097946E-01
 0.2537769E-01
 0.2011543E-01
 0.2011543E-01
 0.2028518E-01
 0.1722967E-01
 0.1519267E-01
 0.1145816E-01
 0.1298591E-01
 0.1519267E-01
 0.1587167E-01
 0.1298591E-01
 0.1417416E-01
 0.1485317E-01
 0.1349516E-01
 0.1604142E-01
 0.1417416E-01
 0.1655067E-01
 0.1790867E-01
 0.1875743E-01
 0.2520794E-01
 0.2656595E-01
 0.3097946E-01
 0.3284672E-01
 0.3216771E-01
 0.2503819E-01
 0.2418944E-01
 0.2198268E-01
 0.2351044E-01
 0.1807842E-01
 0.1621117E-01
 0.1587167E-01
 0.1638092E-01
 0.1502292E-01
 0.9760652E-02
 0.1010015E-01
 0.8572399E-02
 0.5347140E-02
 0.3479884E-02
 0.3310134E-02
 0.3310134E-02
 0.0000000E+00
 0.0000000E+00
 0.0000000E+00
 0.0000000E+00
 0.2631579E-02
 0.1103565E-02
 0.2801358E-02
 0.4838710E-02
 0.6876061E-02
 0.8064516E-02
 0.9422750E-02
 0.1162988E-01
 0.1332767E-01
 0.1570458E-01
 0.1774194E-01
 0.1960951E-01
 0.2181664E-01
 0.2249576E-01
 0.2470289E-01
 0.2334465E-01
 0.2504244E-01
 0.2724957E-01
 0.3166384E-01
 0.3166384E-01
 0.2419355E-01
 0.1943973E-01
 0.1926995E-01
 0.2249576E-01
 0.1689304E-01
 0.1434635E-01
 0.1230900E-01
 0.1315789E-01
 0.1553481E-01
 0.1349745E-01
 0.1553481E-01
 0.1315789E-01
 0.1434635E-01
 0.1349745E-01
 0.1468591E-01
 0.1689304E-01
 0.1502547E-01
 0.1536503E-01
 0.2096774E-01
 0.2555178E-01
 0.2572156E-01
 0.3132428E-01
 0.3488964E-01
 0.2775891E-01
 0.2674024E-01
 0.2758913E-01
 0.1994907E-01
 0.2402377E-01
 0.1723260E-01
 0.1587436E-01
 0.1740238E-01
 0.1536503E-01
 0.1383701E-01
 0.1027165E-01
 0.1010187E-01
 0.8234295E-02
 0.5857385E-02
 0.3310696E-02
 0.4159593E-02
 0.2461800E-02
 0.0000000E+00
 0.0000000E+00
 0.0000000E+00
 0.0000000E+00
 0.2632026E-02
 0.1613177E-02
 0.3311258E-02
 0.4839531E-02
 0.7386653E-02
 0.7386653E-02
 0.9424350E-02
 0.1197147E-01
 0.1400917E-01
 0.1502802E-01
 0.1859399E-01
 0.2063169E-01
 0.2114111E-01
 0.2249958E-01
 0.2368823E-01
 0.2402785E-01
 0.2419766E-01
 0.2827305E-01
 0.3098998E-01
 0.3268806E-01
 0.2334862E-01
 0.2012226E-01
 0.1995245E-01
 0.1859399E-01
 0.1876380E-01
 0.1265070E-01
 0.1332994E-01
 0.1434879E-01
 0.1417898E-01
 0.1553744E-01
 0.1417898E-01
 0.1248090E-01
 0.1468840E-01
 0.1366955E-01
 0.1451859E-01
 0.1825437E-01
 0.1485821E-01
 0.1553744E-01
 0.2148073E-01
 0.2249958E-01
 0.2657497E-01
 0.3370691E-01
 0.3523519E-01
 0.2691459E-01
 0.2776363E-01
 0.2470708E-01
 0.2199015E-01
 0.2351842E-01
 0.1604687E-01
 0.1859399E-01
 0.1689591E-01
 0.1366955E-01
 0.1349975E-01
 0.1112243E-01
 0.8575310E-02
 0.7726269E-02
 0.6877229E-02
 0.3820683E-02
 0.3990491E-02
 0.1443369E-02
 0.0000000E+00
 0.0000000E+00
 0.0000000E+00
 0.0000000E+00
 0.2462218E-02
 0.2292410E-02
 0.2801834E-02
 0.6028188E-02
 0.6537613E-02
 0.8235694E-02
 0.9254542E-02
 0.1231109E-01
 0.1434879E-01
 0.1349975E-01
 0.1910341E-01
 0.2046188E-01
 0.2097130E-01
 0.2436746E-01
 0.2334862E-01
 0.2283919E-01
 0.2572593E-01
 0.2929190E-01
 0.2963152E-01
 0.3268806E-01
 0.2300900E-01
 0.2131092E-01
 0.1961284E-01
 0.1723552E-01
 0.1689591E-01
 0.1485821E-01
 0.1366955E-01
 0.1587706E-01
 0.1214128E-01
 0.1604687E-01
 0.1400917E-01
 0.1282051E-01
 0.1366955E-01
 0.1400917E-01
 0.1502802E-01
 0.1689591E-01
 0.1468840E-01
 0.1893361E-01
 0.1791476E-01
 0.2131092E-01
 0.2844286E-01
 0.3710307E-01
 0.3285787E-01
 0.2606555E-01
 0.2793344E-01
 0.2453727E-01
 0.2317881E-01
 0.2283919E-01
 0.1740533E-01
 0.1655629E-01
 0.1638648E-01
 0.1536763E-01
 0.1231109E-01
 0.1163186E-01
 0.8065886E-02
 0.7726269E-02
 0.5688572E-02
 0.5348956E-02
 0.3311258E-02
 0.1103753E-02
 0.0000000E+00
 0.0000000E+00
 0.0000000E+00
 0.0000000E+00
 0.2293383E-02
 0.2463263E-02
 0.3482545E-02
 0.5351227E-02
 0.6880150E-02
 0.8239191E-02
 0.1010787E-01
 0.1282596E-01
 0.1214644E-01
 0.1503440E-01
 0.1911153E-01
 0.2182961E-01
 0.2064045E-01
 0.2386817E-01
 0.2335853E-01
 0.2216937E-01
 0.2573686E-01
 0.2998386E-01
 0.3117302E-01
 0.2947422E-01
 0.2539710E-01
 0.2064045E-01
 0.1707296E-01
 0.1826213E-01
 0.1622356E-01
 0.1486452E-01
 0.1571392E-01
 0.1520428E-01
 0.1418500E-01
 0.1282596E-01
 0.1350548E-01
 0.1452476E-01
 0.1214644E-01
 0.1537416E-01
 0.1486452E-01
 0.1537416E-01
 0.1826213E-01
 0.1605368E-01
 0.1945129E-01
 0.2030069E-01
 0.3185254E-01
 0.3219230E-01
 0.3542003E-01
 0.2658626E-01
 0.2692602E-01
 0.2386817E-01
 0.2318865E-01
 0.2199949E-01
 0.1996093E-01
 0.1452476E-01
 0.1741272E-01
 0.1452476E-01
 0.1112716E-01
 0.1265608E-01
 0.8409072E-02
 0.6710269E-02
 0.7050030E-02
 0.5690988E-02
 0.2972904E-02
 0.2548204E-03
 0.2548204E-03
 0.0000000E+00
 0.0000000E+00
 0.0000000E+00
 0.2970885E-02
 0.2970885E-02
 0.2631356E-02
 0.5008064E-02
 0.8063831E-02
 0.6705713E-02
 0.1044054E-01
 0.1332654E-01
 0.1111960E-01
 0.1774043E-01
 0.1604278E-01
 0.2334267E-01
 0.2096596E-01
 0.2300314E-01
 0.2028690E-01
 0.2537985E-01
 0.2724726E-01
 0.2911468E-01
 0.3047279E-01
 0.3030303E-01
 0.2470079E-01
 0.2113573E-01
 0.1757067E-01
 0.1723113E-01
 0.1434513E-01
 0.1638231E-01
 0.1740090E-01
 0.1485443E-01
 0.1383584E-01
 0.1162889E-01
 0.1485443E-01
 0.1468466E-01
 0.1230795E-01
 0.1349631E-01
 0.1604278E-01
 0.1519396E-01
 0.1774043E-01
 0.1706137E-01
 0.1604278E-01
 0.2300314E-01
 0.3149138E-01
 0.3335880E-01
 0.3403786E-01
 0.2622867E-01
 0.2843562E-01
 0.2164502E-01
 0.2673797E-01
 0.1875902E-01
 0.1943808E-01
 0.1757067E-01
 0.1723113E-01
 0.1400560E-01
 0.1061030E-01
 0.1128936E-01
 0.1010101E-01
 0.5517358E-02
 0.7045242E-02
 0.6705713E-02
 0.2631356E-02
 0.4244122E-03
 0.8488243E-04
 0.0000000E+00
 0.0000000E+00
 0.0000000E+00
 0.2968114E-02
 0.2798507E-02
 0.2798507E-02
 0.5003392E-02
 0.7717096E-02
 0.7547490E-02
 0.1009159E-01
 0.1280529E-01
 0.1144844E-01
 0.1687585E-01
 0.1806309E-01
 0.2179444E-01
 0.2196404E-01
 0.2094640E-01
 0.2128562E-01
 0.2620421E-01
 0.2823948E-01
 0.2925712E-01
 0.2840909E-01
 0.3146201E-01
 0.2552578E-01
 0.1738467E-01
 0.1958955E-01
 0.1721506E-01
 0.1501018E-01
 0.1653663E-01
 0.1602782E-01
 0.1653663E-01
 0.1433175E-01
 0.1212687E-01
 0.1280529E-01
 0.1348372E-01
 0.1670624E-01
 0.1161805E-01
 0.1416214E-01
 0.1840231E-01
 0.1534939E-01
 0.1941995E-01
 0.1585821E-01
 0.2281208E-01
 0.2942673E-01
 0.3519335E-01
 0.3163162E-01
 0.2806988E-01
 0.2722185E-01
 0.2366011E-01
 0.2671303E-01
 0.1941995E-01
 0.1636703E-01
 0.1891113E-01
 0.1823270E-01
 0.1263569E-01
 0.1043080E-01
 0.1110923E-01
 0.9921981E-02
 0.5512211E-02
 0.7547490E-02
 0.7038670E-02
 0.1950475E-02
 0.4240163E-03
 0.0000000E+00
 0.0000000E+00
 0.0000000E+00
 0.0000000E+00
 0.1948822E-02
 0.3473988E-02
 0.2965599E-02
 0.4829690E-02
 0.7710557E-02
 0.7710557E-02
 0.9913574E-02
 0.1347229E-01
 0.1160820E-01
 0.1652262E-01
 0.1720047E-01
 0.2279275E-01
 0.2092866E-01
 0.2092866E-01
 0.2194543E-01
 0.2584308E-01
 0.2957126E-01
 0.2872395E-01
 0.2906287E-01
 0.2957126E-01
 0.2669039E-01
 0.2008134E-01
 0.1635316E-01
 0.1652262E-01
 0.1465853E-01
 0.1787833E-01
 0.1686155E-01
 0.1482800E-01
 0.1381122E-01
 0.1448907E-01
 0.1330283E-01
 0.1228605E-01
 0.1398068E-01
 0.1601424E-01
 0.1330283E-01
 0.1482800E-01
 0.1686155E-01
 0.1855618E-01
 0.1872564E-01
 0.2177597E-01
 0.3041857E-01
 0.3584138E-01
 0.2991018E-01
 0.2838502E-01
 0.2753771E-01
 0.2533469E-01
 0.2397899E-01
 0.2143705E-01
 0.1567531E-01
 0.1855618E-01
 0.1804779E-01
 0.1228605E-01
 0.1126928E-01
 0.1025250E-01
 0.9574648E-02
 0.4829690E-02
 0.8557872E-02
 0.6354855E-02
 0.2287748E-02
 0.9320454E-03
 0.0000000E+00
 0.0000000E+00
 0.0000000E+00
 0.0000000E+00
 0.1439702E-02
 0.4657859E-02
 0.2794715E-02
 0.4149729E-02
 0.6859756E-02
 0.7706639E-02
 0.9569783E-02
 0.1397358E-01
 0.1346545E-01
 0.1617547E-01
 0.1854675E-01
 0.1990176E-01
 0.2057927E-01
 0.2210366E-01
 0.2159553E-01
 0.2599932E-01
 0.3158875E-01
 0.2820122E-01
 0.2972561E-01
 0.2769309E-01
 0.2345867E-01
 0.2328929E-01
 0.1634485E-01
 0.1549797E-01
 0.1617547E-01
 0.1905488E-01
 0.1583672E-01
 0.1346545E-01
 0.1380420E-01
 0.1668360E-01
 0.1177168E-01
 0.1329607E-01
 0.1414295E-01
 0.1482046E-01
 0.1380420E-01
 0.1448171E-01
 0.1854675E-01
 0.1820800E-01
 0.1956301E-01
 0.2125677E-01
 0.3277439E-01
 0.3091125E-01
 0.3175813E-01
 0.2718496E-01
 0.2972561E-01
 0.2498306E-01
 0.2210366E-01
 0.2227304E-01
 0.1702236E-01
 0.1719173E-01
 0.1786924E-01
 0.1109417E-01
 0.1075542E-01
 0.1211043E-01
 0.8892276E-02
 0.6351626E-02
 0.8384147E-02
 0.4149729E-02
 0.3302846E-02
 0.9315718E-03
 0.0000000E+00
 0.0000000E+00
 0.0000000E+00
 0.0000000E+00
 0.7623243E-03
 0.5166864E-02
 0.2286973E-02
 0.4150432E-02
 0.7199729E-02
 0.8893783E-02
 0.8554972E-02
 0.1448416E-01
 0.1211249E-01
 0.1702524E-01
 0.1973573E-01
 0.1804167E-01
 0.1939692E-01
 0.2380146E-01
 0.2312384E-01
 0.2464848E-01
 0.3142470E-01
 0.2718956E-01
 0.3040827E-01
 0.2956124E-01
 0.2261562E-01
 0.2346265E-01
 0.1634762E-01
 0.1499238E-01
 0.1871930E-01
 0.1533119E-01
 0.1499238E-01
 0.1482297E-01
 0.1600881E-01
 0.1414535E-01
 0.1346773E-01
 0.1295951E-01
 0.1397594E-01
 0.1533119E-01
 0.1312892E-01
 0.1634762E-01
 0.1804167E-01
 0.1804167E-01
 0.1787227E-01
 0.2329324E-01
 0.3328816E-01
 0.2905302E-01
 0.3108589E-01
 0.2905302E-01
 0.2702016E-01
 0.2752838E-01
 0.2193800E-01
 0.2024394E-01
 0.1888870E-01
 0.1719465E-01
 0.1719465E-01
 0.1194308E-01
 0.1024903E-01
 0.1177367E-01
 0.9063188E-02
 0.7538540E-02
 0.6352702E-02
 0.5675081E-02
 0.2286973E-02
 0.7623243E-03
 0.0000000E+00
 0.0000000E+00
 0.0000000E+00
 0.0000000E+00
 0.1269895E-02
 0.4148324E-02
 0.3132408E-02
 0.4656282E-02
 0.6518794E-02
 0.8889265E-02
 0.1075178E-01
 0.1278361E-01
 0.1261429E-01
 0.1803251E-01
 0.1870979E-01
 0.1786319E-01
 0.2006434E-01
 0.2108026E-01
 0.2582120E-01
 0.2277345E-01
 0.3191670E-01
 0.3140874E-01
 0.2937691E-01
 0.2582120E-01
 0.2277345E-01
 0.2175754E-01
 0.1938706E-01
 0.1396884E-01
 0.2023366E-01
 0.1515408E-01
 0.1295293E-01
 0.1498476E-01
 0.1667796E-01
 0.1346089E-01
 0.1498476E-01
 0.1396884E-01
 0.1363021E-01
 0.1261429E-01
 0.1413816E-01
 0.1803251E-01
 0.1600068E-01
 0.1718591E-01
 0.1921774E-01
 0.2548256E-01
 0.3123942E-01
 0.3073146E-01
 0.2836099E-01
 0.3005418E-01
 0.2819167E-01
 0.2582120E-01
 0.2446664E-01
 0.1972570E-01
 0.1972570E-01
 0.1379953E-01
 0.1820183E-01
 0.1244497E-01
 0.1075178E-01
 0.1193701E-01
 0.7196072E-02
 0.8211988E-02
 0.6180156E-02
 0.5502878E-02
 0.2624450E-02
 0.5926177E-03
 0.0000000E+00
 0.0000000E+00
 0.0000000E+00
 0.0000000E+00
 0.1777552E-02
 0.2962587E-02
 0.4655493E-02
 0.4655493E-02
 0.6179110E-02
 0.7702725E-02
 0.1041138E-01
 0.1312003E-01
 0.1413577E-01
 0.1786017E-01
 0.1836804E-01
 0.1836804E-01
 0.1938378E-01
 0.2276959E-01
 0.2649399E-01
 0.2310818E-01
 0.2784832E-01
 0.3258846E-01
 0.2869477E-01
 0.2852548E-01
 0.2209243E-01
 0.1887591E-01
 0.1938378E-01
 0.1955307E-01
 0.1582868E-01
 0.1362790E-01
 0.1582868E-01
 0.1718300E-01
 0.1345861E-01
 0.1379719E-01
 0.1430506E-01
 0.1616726E-01
 0.1295074E-01
 0.1041138E-01
 0.1650584E-01
 0.1836804E-01
 0.1599797E-01
 0.1498222E-01
 0.2209243E-01
 0.2429321E-01
 0.3275774E-01
 0.2869477E-01
 0.2750973E-01
 0.3106484E-01
 0.2987980E-01
 0.2480108E-01
 0.2361605E-01
 0.1870662E-01
 0.2056882E-01
 0.1549010E-01
 0.1481293E-01
 0.1328932E-01
 0.1125783E-01
 0.1244286E-01
 0.6856272E-02
 0.8379889E-02
 0.5163366E-02
 0.6517691E-02
 0.2793296E-02
 0.8464533E-04
 0.0000000E+00
 0.0000000E+00
 0.0000000E+00
 0.0000000E+00
 0.2285231E-02
 0.2623783E-02
 0.4485823E-02
 0.4316547E-02
 0.6517139E-02
 0.7363521E-02
 0.1193398E-01
 0.1294964E-01
 0.1311892E-01
 0.1887431E-01
 0.1870504E-01
 0.1752010E-01
 0.1870504E-01
 0.2412188E-01
 0.2462971E-01
 0.2446043E-01
 0.2750741E-01
 0.3207787E-01
 0.3021583E-01
 0.2767668E-01
 0.2276767E-01
 0.2022852E-01
 0.1667372E-01
 0.2107490E-01
 0.1294964E-01
 0.1599661E-01
 0.1599661E-01
 0.1684300E-01
 0.1159543E-01
 0.1379602E-01
 0.1735082E-01
 0.1447313E-01
 0.1176471E-01
 0.1311892E-01
 0.1531951E-01
 0.1785865E-01
 0.1599661E-01
 0.1752010E-01
 0.2107490E-01
 0.2446043E-01
 0.3072366E-01
 0.2970800E-01
 0.2818451E-01
 0.3004655E-01
 0.2852306E-01
 0.2564537E-01
 0.2429116E-01
 0.1887431E-01
 0.2039780E-01
 0.1616589E-01
 0.1447313E-01
 0.1294964E-01
 0.1176471E-01
 0.1057977E-01
 0.8379179E-02
 0.8209903E-02
 0.4993652E-02
 0.6347863E-02
 0.2793060E-02
 0.0000000E+00
 0.0000000E+00
 0.0000000E+00
 0.0000000E+00
 0.0000000E+00
 0.2792823E-02
 0.2115775E-02
 0.4146920E-02
 0.4993230E-02
 0.6347326E-02
 0.8378470E-02
 0.1091740E-01
 0.1362559E-01
 0.1244076E-01
 0.1870345E-01
 0.1938050E-01
 0.1751862E-01
 0.1768788E-01
 0.2445836E-01
 0.2530467E-01
 0.2395057E-01
 0.2987475E-01
 0.2953622E-01
 0.3105958E-01
 0.2767434E-01
 0.2158091E-01
 0.1870345E-01
 0.1988829E-01
 0.1938050E-01
 0.1413338E-01
 0.1667231E-01
 0.1582600E-01
 0.1261002E-01
 0.1531821E-01
 0.1514895E-01
 0.1464116E-01
 0.1379485E-01
 0.1345633E-01
 0.1531821E-01
 0.1447190E-01
 0.1616452E-01
 0.1565674E-01
 0.1938050E-01
 0.1921124E-01
 0.2784360E-01
 0.2970548E-01
 0.2885917E-01
 0.2818213E-01
 0.2885917E-01
 0.3021327E-01
 0.2327353E-01
 0.2293500E-01
 0.2395057E-01
 0.1751862E-01
 0.1548747E-01
 0.1430264E-01
 0.1277928E-01
 0.1227150E-01
 0.1091740E-01
 0.8547732E-02
 0.7701422E-02
 0.5670277E-02
 0.5670277E-02
 0.2454299E-02
 0.5924171E-03
 0.0000000E+00
 0.0000000E+00
 0.0000000E+00
 0.0000000E+00
 0.1946513E-02
 0.3469871E-02
 0.3808395E-02
 0.5501016E-02
 0.5839540E-02
 0.9394042E-02
 0.9732566E-02
 0.1464116E-01
 0.1210223E-01
 0.1904198E-01
 0.1870345E-01
 0.1785714E-01
 0.1954976E-01
 0.2411984E-01
 0.2411984E-01
 0.2428910E-01
 0.2852065E-01
 0.3156736E-01
 0.3038253E-01
 0.2784360E-01
 0.2158091E-01
 0.1938050E-01
 0.1971903E-01
 0.1565674E-01
 0.1599526E-01
 0.1819567E-01
 0.1464116E-01
 0.1311781E-01
 0.1497969E-01
 0.1464116E-01
 0.1328707E-01
 0.1396412E-01
 0.1413338E-01
 0.1582600E-01
 0.1718009E-01
 0.1057888E-01
 0.1971903E-01
 0.1971903E-01
 0.1954976E-01
 0.2513541E-01
 0.3309073E-01
 0.2682803E-01
 0.2987475E-01
 0.2835139E-01
 0.2767434E-01
 0.2513541E-01
 0.2344279E-01
 0.2276574E-01
 0.1633378E-01
 0.1565674E-01
 0.1481043E-01
 0.1294854E-01
 0.1261002E-01
 0.1074814E-01
 0.9732566E-02
 0.6178064E-02
 0.5162491E-02
 0.6516587E-02
 0.2285037E-02
 0.4231551E-03
 0.0000000E+00
 0.0000000E+00
 0.0000000E+00
 0.0000000E+00
 0.9318875E-03
 0.3981701E-02
 0.2795662E-02
 0.5676042E-02
 0.6353778E-02
 0.8725855E-02
 0.1109793E-01
 0.1533378E-01
 0.1245341E-01
 0.1702813E-01
 0.1872247E-01
 0.1923077E-01
 0.1990851E-01
 0.2346662E-01
 0.2397492E-01
 0.2651644E-01
 0.2533040E-01
 0.3143002E-01
 0.3380210E-01
 0.2533040E-01
 0.2075568E-01
 0.2160285E-01
 0.1685869E-01
 0.1685869E-01
 0.1973907E-01
 0.1431718E-01
 0.1448661E-01
 0.1414775E-01
 0.1431718E-01
 0.1533378E-01
 0.1245341E-01
 0.1380888E-01
 0.1499492E-01
 0.1889190E-01
 0.1279227E-01
 0.1347001E-01
 0.1668926E-01
 0.2143341E-01
 0.2041681E-01
 0.2533040E-01
 0.3058285E-01
 0.2871908E-01
 0.2854965E-01
 0.2922738E-01
 0.2753304E-01
 0.2312775E-01
 0.2583870E-01
 0.2211115E-01
 0.1635039E-01
 0.1550322E-01
 0.1448661E-01
 0.1347001E-01
 0.1075906E-01
 0.1228397E-01
 0.1075906E-01
 0.5676042E-02
 0.5845476E-02
 0.5167740E-02
 0.1948492E-02
 0.1270756E-02
 0.0000000E+00
 0.0000000E+00
 0.0000000E+00
 0.0000000E+00
 0.1440434E-02
 0.3304525E-02
 0.3304525E-02
 0.5338078E-02
 0.7032706E-02
 0.8557872E-02
 0.1143874E-01
 0.1381122E-01
 0.1431961E-01
 0.1601424E-01
 0.1974242E-01
 0.1957295E-01
 0.2058973E-01
 0.2143705E-01
 0.2414845E-01
 0.2821556E-01
 0.2499576E-01
 0.3041857E-01
 0.3312998E-01
 0.2635147E-01
 0.2058973E-01
 0.1923403E-01
 0.1753940E-01
 0.1923403E-01
 0.1906457E-01
 0.1194713E-01
 0.1567531E-01
 0.1635316E-01
 0.1381122E-01
 0.1279444E-01
 0.1347229E-01
 0.1415014E-01
 0.1550585E-01
 0.1618370E-01
 0.1448907E-01
 0.1567531E-01
 0.1618370E-01
 0.1957295E-01
 0.2296221E-01
 0.2364006E-01
 0.3092696E-01
 0.2787663E-01
 0.3041857E-01
 0.2669039E-01
 0.2855448E-01
 0.2347060E-01
 0.2550415E-01
 0.2025080E-01
 0.1669209E-01
 0.1720047E-01
 0.1347229E-01
 0.1364176E-01
 0.1160820E-01
 0.1076089E-01
 0.1093035E-01
 0.5338078E-02
 0.7710557E-02
 0.4829690E-02
 0.1440434E-02
 0.1440434E-02
 0.0000000E+00
 0.0000000E+00
 0.0000000E+00
 0.0000000E+00
 0.1102442E-02
 0.4155360E-02
 0.2628901E-02
 0.5342605E-02
 0.8056309E-02
 0.7886703E-02
 0.1246608E-01
 0.1331411E-01
 0.1585821E-01
 0.1433175E-01
 0.2009837E-01
 0.1992876E-01
 0.2196404E-01
 0.2077680E-01
 0.2467775E-01
 0.2739145E-01
 0.2552578E-01
 0.2874830E-01
 0.3400611E-01
 0.2688263E-01
 0.1958955E-01
 0.1941995E-01
 0.1823270E-01
 0.1840231E-01
 0.1704546E-01
 0.1450136E-01
 0.1314451E-01
 0.1721506E-01
 0.1416214E-01
 0.1314451E-01
 0.1263569E-01
 0.1501018E-01
 0.1721506E-01
 0.1331411E-01
 0.1619742E-01
 0.1653663E-01
 0.1551900E-01
 0.1738467E-01
 0.2739145E-01
 0.2145522E-01
 0.2976594E-01
 0.2891791E-01
 0.2993555E-01
 0.2535617E-01
 0.2857870E-01
 0.2332089E-01
 0.2535617E-01
 0.2026798E-01
 0.1823270E-01
 0.1501018E-01
 0.1585821E-01
 0.1331411E-01
 0.1212687E-01
 0.1026119E-01
 0.9921981E-02
 0.6190638E-02
 0.7547490E-02
 0.4494573E-02
 0.1780868E-02
 0.1102442E-02
 0.0000000E+00
 0.0000000E+00
 0.0000000E+00
 0.0000000E+00
 0.1441900E-02
 0.3816794E-02
 0.2629347E-02
 0.6191688E-02
 0.7379135E-02
 0.8057676E-02
 0.1246819E-01
 0.1416455E-01
 0.1636980E-01
 0.1263783E-01
 0.2044105E-01
 0.1942324E-01
 0.2298558E-01
 0.2010178E-01
 0.2553011E-01
 0.2553011E-01
 0.2790500E-01
 0.2960136E-01
 0.3180661E-01
 0.2654792E-01
 0.1925360E-01
 0.1806616E-01
 0.1959288E-01
 0.1908397E-01
 0.1653944E-01
 0.1552163E-01
 0.1399491E-01
 0.1789652E-01
 0.1111111E-01
 0.1246819E-01
 0.1467345E-01
 0.1620017E-01
 0.1484309E-01
 0.1314673E-01
 0.1687871E-01
 0.1721798E-01
 0.1620017E-01
 0.1823579E-01
 0.2451230E-01
 0.2366412E-01
 0.2875318E-01
 0.3163698E-01
 0.2620865E-01
 0.2637829E-01
 0.2926209E-01
 0.2383376E-01
 0.2196777E-01
 0.2264631E-01
 0.1806616E-01
 0.1399491E-01
 0.1586090E-01
 0.1365564E-01
 0.1348601E-01
 0.8905852E-02
 0.9584393E-02
 0.7209499E-02
 0.7209499E-02
 0.3986429E-02
 0.1781170E-02
 0.1441900E-02
 0.0000000E+00
 0.0000000E+00
 0.0000000E+00
 0.8488243E-04
 0.7639420E-03
 0.3140650E-02
 0.3480180E-02
 0.5347594E-02
 0.7045242E-02
 0.9931245E-02
 0.1078007E-01
 0.1519396E-01
 0.1638231E-01
 0.1366607E-01
 0.1909855E-01
 0.1960784E-01
 0.2113573E-01
 0.2300314E-01
 0.2402173E-01
 0.2673797E-01
 0.2724726E-01
 0.2860538E-01
 0.3234021E-01
 0.2707750E-01
 0.2011714E-01
 0.1807996E-01
 0.1977761E-01
 0.1858925E-01
 0.1417537E-01
 0.1706137E-01
 0.1536372E-01
 0.1196842E-01
 0.1502419E-01
 0.1315678E-01
 0.1587302E-01
 0.1383584E-01
 0.1485443E-01
 0.1621255E-01
 0.1434513E-01
 0.1858925E-01
 0.1655208E-01
 0.1943808E-01
 0.2028690E-01
 0.2639844E-01
 0.2571938E-01
 0.3403786E-01
 0.2656820E-01
 0.2639844E-01
 0.2843562E-01
 0.2470079E-01
 0.2079620E-01
 0.2232408E-01
 0.1791019E-01
 0.1485443E-01
 0.1553349E-01
 0.1519396E-01
 0.1213819E-01
 0.9591715E-02
 0.9421950E-02
 0.7215007E-02
 0.8233597E-02
 0.2970885E-02
 0.1782531E-02
 0.1782531E-02
 0.0000000E+00
 0.0000000E+00
 0.0000000E+00
 0.0000000E+00
 0.7642663E-03
 0.3311821E-02
 0.3821332E-02
 0.4500679E-02
 0.7218071E-02
 0.9765625E-02
 0.1044497E-01
 0.1486073E-01
 0.1587976E-01
 0.1520041E-01
 0.1808764E-01
 0.2046535E-01
 0.1842731E-01
 0.2606997E-01
 0.2386209E-01
 0.2505095E-01
 0.2861753E-01
 0.3065557E-01
 0.2980639E-01
 0.2505095E-01
 0.2335258E-01
 0.1757812E-01
 0.1791780E-01
 0.1927649E-01
 0.1570992E-01
 0.1689878E-01
 0.1604959E-01
 0.1078465E-01
 0.1452106E-01
 0.1486073E-01
 0.1469090E-01
 0.1537024E-01
 0.1435122E-01
 0.1537024E-01
 0.1537024E-01
 0.1638927E-01
 0.1893682E-01
 0.2046535E-01
 0.1978601E-01
 0.2318274E-01
 0.2810802E-01
 0.3218410E-01
 0.2556046E-01
 0.2827785E-01
 0.2878736E-01
 0.2471128E-01
 0.2012568E-01
 0.2216372E-01
 0.1672894E-01
 0.1757812E-01
 0.1537024E-01
 0.1537024E-01
 0.1010530E-01
 0.1095448E-01
 0.8237093E-02
 0.8067256E-02
 0.7897419E-02
 0.2972147E-02
 0.2122962E-02
 0.1953125E-02
 0.0000000E+00
 0.0000000E+00
 0.0000000E+00
 0.0000000E+00
 0.7644611E-03
 0.3482545E-02
 0.3652425E-02
 0.3312665E-02
 0.8239191E-02
 0.9768113E-02
 0.1027775E-01
 0.1605368E-01
 0.1588380E-01
 0.1469464E-01
 0.1758260E-01
 0.2030069E-01
 0.1979105E-01
 0.2505733E-01
 0.2318865E-01
 0.2573686E-01
 0.3066338E-01
 0.2998386E-01
 0.2692602E-01
 0.2522722E-01
 0.2318865E-01
 0.2131997E-01
 0.1571392E-01
 0.1656332E-01
 0.1979105E-01
 0.1452476E-01
 0.1452476E-01
 0.1486452E-01
 0.1061752E-01
 0.1622356E-01
 0.1503440E-01
 0.1554404E-01
 0.1401512E-01
 0.1401512E-01
 0.1843201E-01
 0.1520428E-01
 0.1911153E-01
 0.2047057E-01
 0.2030069E-01
 0.2199949E-01
 0.2811518E-01
 0.3185254E-01
 0.2675614E-01
 0.2794530E-01
 0.2862482E-01
 0.2318865E-01
 0.2267901E-01
 0.1792236E-01
 0.1945129E-01
 0.1741272E-01
 0.1690308E-01
 0.1214644E-01
 0.1231632E-01
 0.1129704E-01
 0.8239191E-02
 0.8918712E-02
 0.6880150E-02
 0.2633144E-02
 0.2972904E-02
 0.1443982E-02
 0.2548204E-03
 0.0000000E+00
 0.0000000E+00
 0.0000000E+00
 0.7647209E-03
 0.3483729E-02
 0.3823604E-02
 0.3143853E-02
 0.7902116E-02
 0.9601495E-02
 0.1113094E-01
 0.1588920E-01
 0.1707877E-01
 0.1334013E-01
 0.1775852E-01
 0.1792846E-01
 0.2098734E-01
 0.2540573E-01
 0.2455604E-01
 0.2761492E-01
 0.2863455E-01
 0.2557567E-01
 0.3390263E-01
 0.2251678E-01
 0.2047753E-01
 0.2268672E-01
 0.1520945E-01
 0.1775852E-01
 0.1877815E-01
 0.1469964E-01
 0.1384994E-01
 0.1452970E-01
 0.1520945E-01
 0.1351007E-01
 0.1418982E-01
 0.1673889E-01
 0.1368001E-01
 0.1486957E-01
 0.1724871E-01
 0.1673889E-01
 0.1775852E-01
 0.2302659E-01
 0.1860821E-01
 0.2098734E-01
 0.2659529E-01
 0.3203331E-01
 0.2863455E-01
 0.2778486E-01
 0.2642535E-01
 0.2489591E-01
 0.2149715E-01
 0.1741864E-01
 0.1962784E-01
 0.1758858E-01
 0.1809839E-01
 0.1351007E-01
 0.1198063E-01
 0.1130087E-01
 0.6882488E-02
 0.9771434E-02
 0.6542612E-02
 0.2464101E-02
 0.3483729E-02
 0.1614411E-02
 0.2549069E-03
 0.0000000E+00
 0.0000000E+00
 0.0000000E+00
 0.9351356E-03
 0.3995579E-02
 0.2295333E-02
 0.5355777E-02
 0.6885998E-02
 0.1011647E-01
 0.1079657E-01
 0.1572728E-01
 0.1589731E-01
 0.1555726E-01
 0.1538723E-01
 0.1980787E-01
 0.2099804E-01
 0.2388846E-01
 0.2524866E-01
 0.2779903E-01
 0.2847913E-01
 0.2643883E-01
 0.3187962E-01
 0.2218822E-01
 0.2286832E-01
 0.1980787E-01
 0.1844767E-01
 0.1657740E-01
 0.1606733E-01
 0.1555726E-01
 0.1487716E-01
 0.1368698E-01
 0.1572728E-01
 0.1385701E-01
 0.1555726E-01
 0.1487716E-01
 0.1436708E-01
 0.1538723E-01
 0.1640738E-01
 0.1623735E-01
 0.2014792E-01
 0.2065800E-01
 0.1946782E-01
 0.2048797E-01
 0.2728896E-01
 0.3085947E-01
 0.2932925E-01
 0.2847913E-01
 0.2575874E-01
 0.2252827E-01
 0.2303834E-01
 0.1708748E-01
 0.2048797E-01
 0.1793760E-01
 0.1861770E-01
 0.1266684E-01
 0.1096659E-01
 0.1130664E-01
 0.9096319E-02
 0.9266344E-02
 0.5695826E-02
 0.3145456E-02
 0.3485505E-02
 0.1785259E-02
 0.4250616E-03
 0.0000000E+00
 0.0000000E+00
 0.0000000E+00
 0.1275619E-02
 0.3316608E-02
 0.2976444E-02
 0.6037928E-02
 0.6718258E-02
 0.8929331E-02
 0.1080024E-01
 0.1607279E-01
 0.1522238E-01
 0.1692321E-01
 0.1556255E-01
 0.1981461E-01
 0.1964453E-01
 0.2423676E-01
 0.2593758E-01
 0.2712816E-01
 0.2916915E-01
 0.2797857E-01
 0.2678799E-01
 0.2644783E-01
 0.2151543E-01
 0.1947444E-01
 0.1913428E-01
 0.1539247E-01
 0.1692321E-01
 0.1386172E-01
 0.1590271E-01
 0.1471214E-01
 0.1471214E-01
 0.1539247E-01
 0.1522238E-01
 0.1250106E-01
 0.1760354E-01
 0.1539247E-01
 0.1590271E-01
 0.1709329E-01
 0.2117527E-01
 0.1726337E-01
 0.1930436E-01
 0.2015477E-01
 0.2678799E-01
 0.2933923E-01
 0.3206055E-01
 0.2916915E-01
 0.2355642E-01
 0.2338634E-01
 0.2185560E-01
 0.1811378E-01
 0.2134535E-01
 0.1726337E-01
 0.1947444E-01
 0.1165065E-01
 0.1114040E-01
 0.1063016E-01
 0.1080024E-01
 0.9099414E-02
 0.4847351E-02
 0.3826856E-02
 0.3146526E-02
 0.2126031E-02
 0.7653712E-03
 0.0000000E+00
 0.8509190E-04
 0.0000000E+00
 0.1616746E-02
 0.2978216E-02
 0.2978216E-02
 0.5190606E-02
 0.6381893E-02
 0.9955753E-02
 0.1114704E-01
 0.1455071E-01
 0.1676310E-01
 0.1608237E-01
 0.1574200E-01
 0.1931586E-01
 0.1863513E-01
 0.2697413E-01
 0.2459156E-01
 0.2697413E-01
 0.2833560E-01
 0.3003744E-01
 0.2731450E-01
 0.2612321E-01
 0.2101770E-01
 0.1659292E-01
 0.2016678E-01
 0.1693329E-01
 0.1404016E-01
 0.1642274E-01
 0.1421035E-01
 0.1625255E-01
 0.1455071E-01
 0.1557182E-01
 0.1557182E-01
 0.1318924E-01
 0.1574200E-01
 0.1710347E-01
 0.1489108E-01
 0.1829476E-01
 0.1914568E-01
 0.1965623E-01
 0.1710347E-01
 0.2135807E-01
 0.2595303E-01
 0.2952689E-01
 0.3037781E-01
 0.2867597E-01
 0.2595303E-01
 0.2288972E-01
 0.2135807E-01
 0.1812457E-01
 0.2135807E-01
 0.1727366E-01
 0.1863513E-01
 0.1284888E-01
 0.1182777E-01
 0.9275017E-02
 0.1233833E-01
 0.9445201E-02
 0.4509870E-02
 0.3658952E-02
 0.3318584E-02
 0.2978216E-02
 0.8509190E-04
 0.0000000E+00
 0.0000000E+00
 0.2552323E-03
 0.1616471E-02
 0.2467245E-02
 0.3318019E-02
 0.4168794E-02
 0.7061426E-02
 0.9443593E-02
 0.1080483E-01
 0.1505870E-01
 0.1471839E-01
 0.1693041E-01
 0.1676025E-01
 0.1846180E-01
 0.1880211E-01
 0.2816063E-01
 0.2186490E-01
 0.2833078E-01
 0.2730985E-01
 0.2918155E-01
 0.2850094E-01
 0.2645908E-01
 0.2101412E-01
 0.1931257E-01
 0.1863196E-01
 0.1505870E-01
 0.1556917E-01
 0.1556917E-01
 0.1556917E-01
 0.1590948E-01
 0.1420793E-01
 0.1659010E-01
 0.1250638E-01
 0.1659010E-01
 0.1488855E-01
 0.1607963E-01
 0.1624979E-01
 0.1948273E-01
 0.1795134E-01
 0.1795134E-01
 0.1897226E-01
 0.2016335E-01
 0.2424707E-01
 0.2867109E-01
 0.3207419E-01
 0.2935171E-01
 0.2628892E-01
 0.2067381E-01
 0.2322614E-01
 0.1897226E-01
 0.2135443E-01
 0.1659010E-01
 0.1931257E-01
 0.1250638E-01
 0.1233623E-01
 0.9443593E-02
 0.1182576E-01
 0.9613749E-02
 0.5359877E-02
 0.2467245E-02
 0.4509103E-02
 0.2637400E-02
 0.5955420E-03
 0.0000000E+00
 0.0000000E+00
 0.2552323E-03
 0.1276161E-02
 0.2637400E-02
 0.2637400E-02
 0.4679258E-02
 0.6040497E-02
 0.1012421E-01
 0.1063468E-01
 0.1284669E-01
 0.1471839E-01
 0.1795134E-01
 0.1727072E-01
 0.1829164E-01
 0.1982304E-01
 0.2713970E-01
 0.2050366E-01
 0.2850094E-01
 0.2884125E-01
 0.2901140E-01
 0.2935171E-01
 0.2696954E-01
 0.1931257E-01
 0.1982304E-01
 0.1676025E-01
 0.1556917E-01
 0.1641994E-01
 0.1539901E-01
 0.1590948E-01
 0.1369746E-01
 0.1761103E-01
 0.1471839E-01
 0.1556917E-01
 0.1607963E-01
 0.1556917E-01
 0.1505870E-01
 0.1727072E-01
 0.1761103E-01
 0.1897226E-01
 0.1693041E-01
 0.1863196E-01
 0.2084397E-01
 0.2492769E-01
 0.2901140E-01
 0.3326527E-01
 0.2577846E-01
 0.2833078E-01
 0.1999319E-01
 0.2339629E-01
 0.2050366E-01
 0.2084397E-01
 0.1693041E-01
 0.1812149E-01
 0.1182576E-01
 0.1284669E-01
 0.1097499E-01
 0.1148545E-01
 0.9613749E-02
 0.4679258E-02
 0.1786626E-02
 0.4849413E-02
 0.3147864E-02
 0.4253871E-03
 0.0000000E+00
 0.0000000E+00
 0.7648509E-03
 0.1444718E-02
 0.2294553E-02
 0.2634486E-02
 0.4334155E-02
 0.5863857E-02
 0.1045296E-01
 0.1096286E-01
 0.1215263E-01
 0.1453217E-01
 0.1742160E-01
 0.1844140E-01
 0.1776154E-01
 0.1912127E-01
 0.2710971E-01
 0.2252061E-01
 0.2812951E-01
 0.2625988E-01
 0.3067902E-01
 0.3016912E-01
 0.2422028E-01
 0.2388034E-01
 0.1861137E-01
 0.1487210E-01
 0.1657177E-01
 0.1504207E-01
 0.1572193E-01
 0.1725164E-01
 0.1436220E-01
 0.1657177E-01
 0.1538200E-01
 0.1606187E-01
 0.1623183E-01
 0.1453217E-01
 0.1657177E-01
 0.1827144E-01
 0.1776154E-01
 0.1725164E-01
 0.1725164E-01
 0.2082094E-01
 0.2048101E-01
 0.2269058E-01
 0.2999915E-01
 0.3356845E-01
 0.2524008E-01
 0.2574998E-01
 0.2218067E-01
 0.2269058E-01
 0.2201071E-01
 0.1912127E-01
 0.1878134E-01
 0.1674174E-01
 0.1215263E-01
 0.1266253E-01
 0.1096286E-01
 0.1113283E-01
 0.8583326E-02
 0.4504122E-02
 0.2294553E-02
 0.5183989E-02
 0.2974420E-02
 0.0000000E+00
 0.0000000E+00
 0.0000000E+00
 0.5944798E-03
 0.1443737E-02
 0.1953291E-02
 0.3142250E-02
 0.5180467E-02
 0.5180467E-02
 0.1027601E-01
 0.9087048E-02
 0.1282378E-01
 0.1418259E-01
 0.1622081E-01
 0.1995754E-01
 0.1791932E-01
 0.2131635E-01
 0.2471338E-01
 0.2437367E-01
 0.2658174E-01
 0.2624204E-01
 0.3133758E-01
 0.2980892E-01
 0.2505308E-01
 0.2369427E-01
 0.1808917E-01
 0.1486200E-01
 0.1656051E-01
 0.1503185E-01
 0.1588110E-01
 0.1588110E-01
 0.1588110E-01
 0.1605096E-01
 0.1622081E-01
 0.1520170E-01
 0.1707006E-01
 0.1622081E-01
 0.1554140E-01
 0.1723992E-01
 0.1961784E-01
 0.1723992E-01
 0.1740977E-01
 0.2012739E-01
 0.2012739E-01
 0.2454352E-01
 0.2760085E-01
 0.3388535E-01
 0.2641189E-01
 0.2335456E-01
 0.2352442E-01
 0.2505308E-01
 0.1995754E-01
 0.1893843E-01
 0.1876858E-01
 0.1639066E-01
 0.1401274E-01
 0.9426751E-02
 0.1384289E-01
 0.9596603E-02
 0.7388535E-02
 0.5180467E-02
 0.3312102E-02
 0.5010616E-02
 0.2462845E-02
 0.0000000E+00
 0.0000000E+00
 0.0000000E+00
 0.4245203E-03
 0.1443369E-02
 0.1443369E-02
 0.3141450E-02
 0.5518764E-02
 0.5348956E-02
 0.9084734E-02
 0.1078282E-01
 0.1163186E-01
 0.1502802E-01
 0.1553744E-01
 0.1944303E-01
 0.2063169E-01
 0.1927322E-01
 0.2351842E-01
 0.2674478E-01
 0.2504670E-01
 0.2487689E-01
 0.3404653E-01
 0.3031075E-01
 0.2266938E-01
 0.2351842E-01
 0.1825437E-01
 0.1689591E-01
 0.1553744E-01
 0.1604687E-01
 0.1417898E-01
 0.1638648E-01
 0.1808457E-01
 0.1536763E-01
 0.1604687E-01
 0.1655629E-01
 0.1519783E-01
 0.1740533E-01
 0.1638648E-01
 0.1910341E-01
 0.1468840E-01
 0.1757514E-01
 0.1995245E-01
 0.1876380E-01
 0.2148073E-01
 0.2419766E-01
 0.2759382E-01
 0.3404653E-01
 0.2521650E-01
 0.2283919E-01
 0.2453727E-01
 0.2623535E-01
 0.1944303E-01
 0.1859399E-01
 0.1825437E-01
 0.1519783E-01
 0.1502802E-01
 0.1061301E-01
 0.1265070E-01
 0.9933775E-02
 0.5688572E-02
 0.5688572E-02
 0.4330107E-02
 0.4330107E-02
 0.1952793E-02
 0.2547122E-03
 0.0000000E+00
 0.0000000E+00
 0.9333107E-03
 0.1272696E-02
 0.1951468E-02
 0.2799932E-02
 0.5345325E-02
 0.4836246E-02
 0.1043611E-01
 0.9757339E-02
 0.1077550E-01
 0.1433905E-01
 0.1535720E-01
 0.1841168E-01
 0.2248430E-01
 0.2044799E-01
 0.2486000E-01
 0.2367215E-01
 0.2774478E-01
 0.2486000E-01
 0.3198710E-01
 0.3164772E-01
 0.2282369E-01
 0.2282369E-01
 0.1824198E-01
 0.1705413E-01
 0.1366027E-01
 0.1620567E-01
 0.1535720E-01
 0.1450874E-01
 0.1858137E-01
 0.1773290E-01
 0.1569659E-01
 0.1620567E-01
 0.1756321E-01
 0.1450874E-01
 0.1841168E-01
 0.1671475E-01
 0.1722383E-01
 0.1569659E-01
 0.2129645E-01
 0.1824198E-01
 0.2316307E-01
 0.2401154E-01
 0.2791448E-01
 0.3181741E-01
 0.2553877E-01
 0.2248430E-01
 0.2553877E-01
 0.2350246E-01
 0.2078738E-01
 0.2078738E-01
 0.1671475E-01
 0.1501782E-01
 0.1450874E-01
 0.1213304E-01
 0.1213304E-01
 0.9927033E-02
 0.5005939E-02
 0.5515018E-02
 0.4836246E-02
 0.3648396E-02
 0.2121161E-02
 0.4242321E-03
 0.0000000E+00
 0.0000000E+00
 0.7633588E-03
 0.1102629E-02
 0.2120441E-02
 0.3647159E-02
 0.4325700E-02
 0.6022052E-02
 0.1026293E-01
 0.8736217E-02
 0.9414759E-02
 0.1535199E-01
 0.1552163E-01
 0.1823579E-01
 0.2247667E-01
 0.1925360E-01
 0.2654792E-01
 0.2349449E-01
 0.2722646E-01
 0.2688719E-01
 0.3011026E-01
 0.3316370E-01
 0.2213741E-01
 0.2061069E-01
 0.2044105E-01
 0.1569126E-01
 0.1636980E-01
 0.1382528E-01
 0.1603054E-01
 0.1501272E-01
 0.1823579E-01
 0.1738762E-01
 0.1620017E-01
 0.1620017E-01
 0.1704835E-01
 0.1552163E-01
 0.2094996E-01
 0.1586090E-01
 0.1552163E-01
 0.1823579E-01
 0.1925360E-01
 0.2078032E-01
 0.2061069E-01
 0.2298558E-01
 0.2994063E-01
 0.3027990E-01
 0.2536047E-01
 0.2417303E-01
 0.2519084E-01
 0.2417303E-01
 0.1755725E-01
 0.2264631E-01
 0.1738762E-01
 0.1518236E-01
 0.1331637E-01
 0.1162002E-01
 0.1246819E-01
 0.9414759E-02
 0.5004241E-02
 0.5343511E-02
 0.5343511E-02
 0.3477523E-02
 0.1781170E-02
 0.7633588E-03
 0.0000000E+00
 0.0000000E+00
 0.5934215E-03
 0.4238725E-03
 0.2458460E-02
 0.3984401E-02
 0.5171244E-02
 0.5510342E-02
 0.1008817E-01
 0.8731773E-02
 0.9070871E-02
 0.1568328E-01
 0.1364869E-01
 0.1856562E-01
 0.2280434E-01
 0.2280434E-01
 0.2331299E-01
 0.2229569E-01
 0.2738216E-01
 0.3212953E-01
 0.2873855E-01
 0.2806036E-01
 0.2483893E-01
 0.2026111E-01
 0.1890471E-01
 0.1737877E-01
 0.1568328E-01
 0.1687013E-01
 0.1398779E-01
 0.1703968E-01
 0.1517464E-01
 0.1805697E-01
 0.1873516E-01
 0.1534418E-01
 0.1568328E-01
 0.1856562E-01
 0.1805697E-01
 0.1534418E-01
 0.1517464E-01
 0.2178705E-01
 0.1687013E-01
 0.2060020E-01
 0.2246524E-01
 0.2297389E-01
 0.2873855E-01
 0.3026450E-01
 0.2653442E-01
 0.2568667E-01
 0.2229569E-01
 0.2331299E-01
 0.2060020E-01
 0.2093930E-01
 0.1670058E-01
 0.1568328E-01
 0.1314005E-01
 0.1263140E-01
 0.1076636E-01
 0.9240421E-02
 0.5171244E-02
 0.5679891E-02
 0.5340794E-02
 0.3136656E-02
 0.1780265E-02
 0.1102068E-02
 0.0000000E+00
 0.0000000E+00
 0.7627765E-03
 0.2542588E-03
 0.3644377E-02
 0.2966353E-02
 0.4491906E-02
 0.7034495E-02
 0.9238071E-02
 0.8899059E-02
 0.9407577E-02
 0.1584880E-01
 0.1262819E-01
 0.1788287E-01
 0.2330706E-01
 0.2398508E-01
 0.2144250E-01
 0.2500212E-01
 0.2669718E-01
 0.3347741E-01
 0.2788372E-01
 0.2873125E-01
 0.2347657E-01
 0.1686584E-01
 0.2008645E-01
 0.1856090E-01
 0.1703534E-01
 0.1567929E-01
 0.1584880E-01
 0.1652682E-01
 0.1517078E-01
 0.1720485E-01
 0.1754386E-01
 0.1686584E-01
 0.1669633E-01
 0.1754386E-01
 0.1737435E-01
 0.1618781E-01
 0.1754386E-01
 0.1839139E-01
 0.1991694E-01
 0.1856090E-01
 0.2195101E-01
 0.2381558E-01
 0.2839224E-01
 0.2788372E-01
 0.2856174E-01
 0.2568014E-01
 0.2127299E-01
 0.2466311E-01
 0.2076447E-01
 0.1974744E-01
 0.1805238E-01
 0.1567929E-01
 0.1279769E-01
 0.1296720E-01
 0.1025511E-01
 0.7712518E-02
 0.6186965E-02
 0.6695483E-02
 0.5169929E-02
 0.2627341E-02
 0.2457835E-02
 0.0000000E+00
 0.0000000E+00
 0.0000000E+00
 0.9319665E-03
 0.8472422E-04
 0.3304245E-02
 0.3473693E-02
 0.4659832E-02
 0.6354317E-02
 0.9912734E-02
 0.8557146E-02
 0.9065492E-02
 0.1550453E-01
 0.1482674E-01
 0.1635177E-01
 0.2363806E-01
 0.2058799E-01
 0.2363806E-01
 0.2567144E-01
 0.2821317E-01
 0.3160214E-01
 0.3024655E-01
 0.2499365E-01
 0.2516309E-01
 0.1736847E-01
 0.1940185E-01
 0.1906295E-01
 0.1686012E-01
 0.1397950E-01
 0.1957130E-01
 0.1482674E-01
 0.1686012E-01
 0.1550453E-01
 0.1719902E-01
 0.1652122E-01
 0.1889350E-01
 0.1686012E-01
 0.1652122E-01
 0.1753791E-01
 0.1736847E-01
 0.1906295E-01
 0.1957130E-01
 0.1838516E-01
 0.2211302E-01
 0.2380751E-01
 0.2634923E-01
 0.3109379E-01
 0.2787427E-01
 0.2363806E-01
 0.2143523E-01
 0.2380751E-01
 0.2228247E-01
 0.1855461E-01
 0.1923240E-01
 0.1702957E-01
 0.1194612E-01
 0.1126832E-01
 0.1075998E-01
 0.6693214E-02
 0.7540456E-02
 0.6354317E-02
 0.4490384E-02
 0.2965348E-02
 0.2626451E-02
 0.0000000E+00
 0.0000000E+00
 0.0000000E+00
 0.7627119E-03
 0.4237288E-03
 0.3644068E-02
 0.2627119E-02
 0.5169492E-02
 0.5847458E-02
 0.1076271E-01
 0.8220339E-02
 0.9745763E-02
 0.1296610E-01
 0.1686441E-01
 0.1584746E-01
 0.2296610E-01
 0.2008475E-01
 0.2516949E-01
 0.2550847E-01
 0.3110169E-01
 0.2788136E-01
 0.3177966E-01
 0.2601695E-01
 0.2211864E-01
 0.1822034E-01
 0.1974576E-01
 0.1703390E-01
 0.1822034E-01
 0.1703390E-01
 0.1686441E-01
 0.1754237E-01
 0.1483051E-01
 0.1601695E-01
 0.1618644E-01
 0.1906780E-01
 0.1737288E-01
 0.1618644E-01
 0.1635593E-01
 0.2042373E-01
 0.1584746E-01
 0.1754237E-01
 0.1957627E-01
 0.1974576E-01
 0.2228814E-01
 0.2516949E-01
 0.2550847E-01
 0.3127119E-01
 0.2805085E-01
 0.2330508E-01
 0.2330508E-01
 0.2194915E-01
 0.2127119E-01
 0.1872881E-01
 0.1991525E-01
 0.1635593E-01
 0.1245763E-01
 0.1059322E-01
 0.1076271E-01
 0.6355932E-02
 0.7881355E-02
 0.6525424E-02
 0.4322034E-02
 0.2118644E-02
 0.2457627E-02
 0.8474576E-04
 0.0000000E+00
 0.0000000E+00
 0.2541727E-03
 0.2541727E-03
 0.4490384E-02
 0.2287554E-02
 0.5676523E-02
 0.5676523E-02
 0.1025163E-01
 0.7201559E-02
 0.1177667E-01
 0.1194612E-01
 0.1702957E-01
 0.1516564E-01
 0.2126578E-01
 0.2126578E-01
 0.2296026E-01
 0.3024655E-01
 0.2906041E-01
 0.2855206E-01
 0.3261882E-01
 0.2584089E-01
 0.2126578E-01
 0.1838516E-01
 0.1719902E-01
 0.1804626E-01
 0.1957130E-01
 0.1855461E-01
 0.1567398E-01
 0.1838516E-01
 0.1381005E-01
 0.1601288E-01
 0.1702957E-01
 0.1804626E-01
 0.1821571E-01
 0.1550453E-01
 0.1719902E-01
 0.1855461E-01
 0.2007964E-01
 0.1652122E-01
 0.1702957E-01
 0.2228247E-01
 0.2312971E-01
 0.2363806E-01
 0.2431585E-01
 0.3295772E-01
 0.2651868E-01
 0.2363806E-01
 0.2194357E-01
 0.2516309E-01
 0.1838516E-01
 0.1872405E-01
 0.2177412E-01
 0.1635177E-01
 0.1143777E-01
 0.9404388E-02
 0.1160722E-01
 0.5676523E-02
 0.8726595E-02
 0.6862662E-02
 0.3812590E-02
 0.1779209E-02
 0.2965348E-02
 0.0000000E+00
 0.0000000E+00
 0.0000000E+00
 0.2542157E-03
 0.5931701E-03
 0.3982713E-02
 0.2457419E-02
 0.5846962E-02
 0.5677485E-02
 0.9914414E-02
 0.7202779E-02
 0.1076180E-01
 0.1228709E-01
 0.1635455E-01
 0.1872723E-01
 0.1804932E-01
 0.2228625E-01
 0.2160834E-01
 0.3109906E-01
 0.3160749E-01
 0.2821795E-01
 0.3194645E-01
 0.2482840E-01
 0.1855775E-01
 0.2160834E-01
 0.1787984E-01
 0.1686298E-01
 0.1838827E-01
 0.1855775E-01
 0.1991357E-01
 0.1516821E-01
 0.1720193E-01
 0.1381239E-01
 0.1771036E-01
 0.1618507E-01
 0.1838827E-01
 0.1686298E-01
 0.1771036E-01
 0.1787984E-01
 0.1957461E-01
 0.1737141E-01
 0.1821879E-01
 0.2025252E-01
 0.2279468E-01
 0.2533684E-01
 0.2448945E-01
 0.3008220E-01
 0.2703161E-01
 0.2567579E-01
 0.2143886E-01
 0.2398102E-01
 0.1821879E-01
 0.2025252E-01
 0.2109991E-01
 0.1652402E-01
 0.1143971E-01
 0.9744937E-02
 0.1093128E-01
 0.6185916E-02
 0.8219643E-02
 0.6694348E-02
 0.3643759E-02
 0.2796373E-02
 0.1610033E-02
 0.0000000E+00
 0.0000000E+00
 0.0000000E+00
 0.0000000E+00
 0.9314141E-03
 0.4657070E-02
 0.2286198E-02
 0.4995766E-02
 0.7027942E-02
 0.8552074E-02
 0.9060118E-02
 0.1007621E-01
 0.1193903E-01
 0.1583404E-01
 0.2023709E-01
 0.1786621E-01
 0.1939035E-01
 0.2430144E-01
 0.2836579E-01
 0.3361558E-01
 0.2904318E-01
 0.3005927E-01
 0.2616427E-01
 0.1718882E-01
 0.2142252E-01
 0.1718882E-01
 0.1905165E-01
 0.1786621E-01
 0.1989839E-01
 0.1752752E-01
 0.1668078E-01
 0.1583404E-01
 0.1668078E-01
 0.1600339E-01
 0.1617274E-01
 0.1651143E-01
 0.1871295E-01
 0.1769687E-01
 0.1888230E-01
 0.1820491E-01
 0.1837426E-01
 0.1735817E-01
 0.2294666E-01
 0.2260796E-01
 0.2294666E-01
 0.2684166E-01
 0.3022862E-01
 0.2599492E-01
 0.2430144E-01
 0.2294666E-01
 0.2125318E-01
 0.2159187E-01
 0.1854361E-01
 0.1972904E-01
 0.1685013E-01
 0.1193903E-01
 0.1058425E-01
 0.9737510E-02
 0.8213378E-02
 0.6689246E-02
 0.5842506E-02
 0.4318374E-02
 0.2286198E-02
 0.1947502E-02
 0.0000000E+00
 0.0000000E+00
 0.0000000E+00
 0.0000000E+00
 0.1270110E-02
 0.3471634E-02
 0.3640982E-02
 0.4318374E-02
 0.7705335E-02
 0.7366639E-02
 0.9229466E-02
 0.1075360E-01
 0.1109229E-01
 0.1668078E-01
 0.2108383E-01
 0.1769687E-01
 0.1820491E-01
 0.2531753E-01
 0.2396274E-01
 0.3564776E-01
 0.3124471E-01
 0.3039797E-01
 0.2193057E-01
 0.2125318E-01
 0.2176122E-01
 0.1701947E-01
 0.1735817E-01
 0.1888230E-01
 0.2023709E-01
 0.1634208E-01
 0.1820491E-01
 0.1617274E-01
 0.1769687E-01
 0.1498730E-01
 0.1651143E-01
 0.1532600E-01
 0.1922100E-01
 0.1854361E-01
 0.1871295E-01
 0.1600339E-01
 0.2006774E-01
 0.1803556E-01
 0.1989839E-01
 0.2430144E-01
 0.2345470E-01
 0.2684166E-01
 0.3056732E-01
 0.2633362E-01
 0.2226926E-01
 0.2447079E-01
 0.2074513E-01
 0.2226926E-01
 0.1752752E-01
 0.2023709E-01
 0.1464860E-01
 0.1414056E-01
 0.1058425E-01
 0.7535987E-02
 0.7874683E-02
 0.9568162E-02
 0.5503810E-02
 0.3810330E-02
 0.1778154E-02
 0.2286198E-02
 0.0000000E+00
 0.0000000E+00
 0.0000000E+00
 0.0000000E+00
 0.1777853E-02
 0.3301727E-02
 0.4825601E-02
 0.3301727E-02
 0.7365391E-02
 0.9058584E-02
 0.8719946E-02
 0.1041314E-01
 0.1024382E-01
 0.1887911E-01
 0.1904842E-01
 0.1633932E-01
 0.2057230E-01
 0.2548256E-01
 0.2463596E-01
 0.3276329E-01
 0.3208601E-01
 0.3208601E-01
 0.2057230E-01
 0.2141890E-01
 0.1904842E-01
 0.1955638E-01
 0.1972570E-01
 0.1904842E-01
 0.1769387E-01
 0.1583136E-01
 0.1904842E-01
 0.1735523E-01
 0.1667796E-01
 0.1464612E-01
 0.1549272E-01
 0.1532340E-01
 0.2108026E-01
 0.1752455E-01
 0.1667796E-01
 0.1921774E-01
 0.1887911E-01
 0.1938706E-01
 0.2108026E-01
 0.2209617E-01
 0.2260413E-01
 0.2582120E-01
 0.3242465E-01
 0.2683711E-01
 0.2141890E-01
 0.2412800E-01
 0.2074162E-01
 0.2294277E-01
 0.1989502E-01
 0.1870979E-01
 0.1244497E-01
 0.1617000E-01
 0.9397224E-02
 0.7534711E-02
 0.8719946E-02
 0.8550626E-02
 0.6180156E-02
 0.3809685E-02
 0.9312563E-03
 0.2455130E-02
 0.0000000E+00
 0.0000000E+00
 0.0000000E+00
 0.0000000E+00
 0.2455130E-02
 0.2624450E-02
 0.4656282E-02
 0.3132408E-02
 0.7196072E-02
 0.9905181E-02
 0.8719946E-02
 0.9227904E-02
 0.1125974E-01
 0.1837115E-01
 0.1904842E-01
 0.1769387E-01
 0.2040298E-01
 0.2497460E-01
 0.2615984E-01
 0.2886895E-01
 0.3191670E-01
 0.3259397E-01
 0.2243481E-01
 0.2209617E-01
 0.1921774E-01
 0.1752455E-01
 0.2040298E-01
 0.1854047E-01
 0.1718591E-01
 0.1701659E-01
 0.1837115E-01
 0.1870979E-01
 0.1600068E-01
 0.1532340E-01
 0.1532340E-01
 0.1701659E-01
 0.1904842E-01
 0.1887911E-01
 0.1684727E-01
 0.1667796E-01
 0.2175754E-01
 0.1921774E-01
 0.2023366E-01
 0.2057230E-01
 0.2328141E-01
 0.2734507E-01
 0.3225533E-01
 0.2463596E-01
 0.2345073E-01
 0.2345073E-01
 0.2141890E-01
 0.2209617E-01
 0.1887911E-01
 0.1735523E-01
 0.1396884E-01
 0.1549272E-01
 0.1041314E-01
 0.7873349E-02
 0.9397224E-02
 0.7026752E-02
 0.6857433E-02
 0.3640366E-02
 0.4232983E-03
 0.3132408E-02
 0.0000000E+00
 0.0000000E+00
 0.0000000E+00
 0.0000000E+00
 0.2456794E-02
 0.1779058E-02
 0.5845476E-02
 0.3134531E-02
 0.6692647E-02
 0.9573026E-02
 0.1025076E-01
 0.9064724E-02
 0.1075906E-01
 0.1736699E-01
 0.2024737E-01
 0.1787530E-01
 0.2058624E-01
 0.2363606E-01
 0.2685530E-01
 0.3024399E-01
 0.3159946E-01
 0.3058285E-01
 0.2397492E-01
 0.1956964E-01
 0.2092511E-01
 0.1872247E-01
 0.1973907E-01
 0.1889190E-01
 0.1685869E-01
 0.1940020E-01
 0.1397831E-01
 0.2041681E-01
 0.1584209E-01
 0.1567265E-01
 0.1702813E-01
 0.1736699E-01
 0.1601152E-01
 0.1872247E-01
 0.1855303E-01
 0.1635039E-01
 0.2007794E-01
 0.2245002E-01
 0.2092511E-01
 0.1940020E-01
 0.2261945E-01
 0.2736361E-01
 0.3075229E-01
 0.2719417E-01
 0.2245002E-01
 0.2245002E-01
 0.2109454E-01
 0.2295832E-01
 0.1804473E-01
 0.1668926E-01
 0.1482548E-01
 0.1499492E-01
 0.1092850E-01
 0.8217554E-02
 0.1058963E-01
 0.7200949E-02
 0.4659438E-02
 0.3642833E-02
 0.1440190E-02
 0.2456794E-02
 0.0000000E+00
 0.0000000E+00
 0.0000000E+00
 0.0000000E+00
 0.1949483E-02
 0.2627564E-02
 0.5509408E-02
 0.2797084E-02
 0.6187489E-02
 0.9747415E-02
 0.1008646E-01
 0.8899814E-02
 0.1059502E-01
 0.1805391E-01
 0.1924055E-01
 0.1856247E-01
 0.2110527E-01
 0.2246143E-01
 0.2737752E-01
 0.2958128E-01
 0.2822512E-01
 0.3263265E-01
 0.2619088E-01
 0.1974911E-01
 0.1974911E-01
 0.2093575E-01
 0.1907103E-01
 0.1907103E-01
 0.1635871E-01
 0.1890151E-01
 0.1669775E-01
 0.1669775E-01
 0.1788439E-01
 0.1517206E-01
 0.1686727E-01
 0.1822343E-01
 0.1771487E-01
 0.1686727E-01
 0.1788439E-01
 0.1873199E-01
 0.1635871E-01
 0.2280048E-01
 0.2144431E-01
 0.1839295E-01
 0.2415664E-01
 0.2754704E-01
 0.2924224E-01
 0.2720800E-01
 0.2500424E-01
 0.2178335E-01
 0.2161383E-01
 0.2127479E-01
 0.1907103E-01
 0.1652822E-01
 0.1500254E-01
 0.1466350E-01
 0.1229022E-01
 0.7713172E-02
 0.1059502E-01
 0.7035091E-02
 0.5000847E-02
 0.3305645E-02
 0.1271402E-02
 0.2288523E-02
 0.0000000E+00
 0.0000000E+00
 0.0000000E+00
 0.0000000E+00
 0.1950144E-02
 0.2119722E-02
 0.5850432E-02
 0.3137188E-02
 0.5002544E-02
 0.1076819E-01
 0.9411565E-02
 0.9411565E-02
 0.1076819E-01
 0.1670341E-01
 0.1907750E-01
 0.2043412E-01
 0.1924708E-01
 0.2416483E-01
 0.2535187E-01
 0.3043921E-01
 0.2636934E-01
 0.3281330E-01
 0.2535187E-01
 0.2331694E-01
 0.1653383E-01
 0.2433441E-01
 0.1924708E-01
 0.1619468E-01
 0.2026454E-01
 0.1687299E-01
 0.1687299E-01
 0.1500763E-01
 0.1721214E-01
 0.1924708E-01
 0.1704256E-01
 0.1687299E-01
 0.1772087E-01
 0.1619468E-01
 0.1941665E-01
 0.1806003E-01
 0.1822961E-01
 0.2365610E-01
 0.1839919E-01
 0.2060370E-01
 0.2280821E-01
 0.2501272E-01
 0.2993047E-01
 0.2857385E-01
 0.2619976E-01
 0.2026454E-01
 0.2229947E-01
 0.2128201E-01
 0.1822961E-01
 0.1704256E-01
 0.1500763E-01
 0.1517721E-01
 0.1076819E-01
 0.9920298E-02
 0.8733254E-02
 0.7546210E-02
 0.5172121E-02
 0.3306766E-02
 0.1610989E-02
 0.1441411E-02
 0.0000000E+00
 0.0000000E+00
 0.0000000E+00
 0.0000000E+00
 0.1441167E-02
 0.2797558E-02
 0.5679891E-02
 0.3475755E-02
 0.4153951E-02
 0.1161411E-01
 0.8223127E-02
 0.8901322E-02
 0.1178366E-01
 0.1534418E-01
 0.2076975E-01
 0.2127840E-01
 0.1822652E-01
 0.2382164E-01
 0.2466938E-01
 0.3128179E-01
 0.2619532E-01
 0.3128179E-01
 0.2585622E-01
 0.2297389E-01
 0.2026111E-01
 0.2229569E-01
 0.2093930E-01
 0.1636148E-01
 0.1703968E-01
 0.1924381E-01
 0.1670058E-01
 0.1568328E-01
 0.1415734E-01
 0.2093930E-01
 0.1822652E-01
 0.1636148E-01
 0.1754832E-01
 0.1653103E-01
 0.1771787E-01
 0.1737877E-01
 0.2246524E-01
 0.1788742E-01
 0.1992201E-01
 0.2382164E-01
 0.2229569E-01
 0.2399118E-01
 0.2958630E-01
 0.2856901E-01
 0.2653442E-01
 0.2212614E-01
 0.2161750E-01
 0.1873516E-01
 0.1907426E-01
 0.1822652E-01
 0.1381824E-01
 0.1534418E-01
 0.1076636E-01
 0.9749067E-02
 0.9240421E-02
 0.8562225E-02
 0.3984401E-02
 0.3306205E-02
 0.1949813E-02
 0.1271617E-02
 0.0000000E+00
 0.0000000E+00
 0.0000000E+00
 0.4236570E-03
 0.0000000E+00
 0.4151839E-02
 0.4321301E-02
 0.4151839E-02
 0.4829690E-02
 0.1042196E-01
 0.8727334E-02
 0.1025250E-01
 0.1126928E-01
 0.1567531E-01
 0.1906457E-01
 0.2092866E-01
 0.2058973E-01
 0.2160651E-01
 0.2635147E-01
 0.2906287E-01
 0.2567361E-01
 0.3092696E-01
 0.2736824E-01
 0.2075919E-01
 0.2211490E-01
 0.2143705E-01
 0.2058973E-01
 0.1957295E-01
 0.1720047E-01
 0.1635316E-01
 0.2008134E-01
 0.1313337E-01
 0.1584477E-01
 0.1855618E-01
 0.2042027E-01
 0.1584477E-01
 0.1703101E-01
 0.1889510E-01
 0.1567531E-01
 0.1940349E-01
 0.2143705E-01
 0.1736994E-01
 0.1974242E-01
 0.2211490E-01
 0.2347060E-01
 0.2347060E-01
 0.3346890E-01
 0.2601254E-01
 0.2753771E-01
 0.2075919E-01
 0.2058973E-01
 0.1940349E-01
 0.1838671E-01
 0.1923403E-01
 0.1415014E-01
 0.1398068E-01
 0.1177766E-01
 0.9744111E-02
 0.9744111E-02
 0.7880020E-02
 0.3473988E-02
 0.3643450E-02
 0.1609897E-02
 0.2287748E-02
 0.0000000E+00
 0.0000000E+00
 0.0000000E+00
 0.0000000E+00
 0.4239803E-03
 0.3646231E-02
 0.3985415E-02
 0.5002968E-02
 0.6190113E-02
 0.8394810E-02
 0.9073179E-02
 0.9581955E-02
 0.1229543E-01
 0.1568727E-01
 0.1772238E-01
 0.2281014E-01
 0.1992708E-01
 0.2043585E-01
 0.2806750E-01
 0.2721954E-01
 0.2603239E-01
 0.3078097E-01
 0.2535402E-01
 0.2196218E-01
 0.2264055E-01
 0.2145340E-01
 0.2213177E-01
 0.1840075E-01
 0.1772238E-01
 0.1738319E-01
 0.1568727E-01
 0.1568727E-01
 0.1653523E-01
 0.1924871E-01
 0.1789197E-01
 0.1941830E-01
 0.1687442E-01
 0.1840075E-01
 0.1670483E-01
 0.1823115E-01
 0.1975748E-01
 0.1992708E-01
 0.1941830E-01
 0.2213177E-01
 0.2365810E-01
 0.2247096E-01
 0.3078097E-01
 0.2772831E-01
 0.2823709E-01
 0.2128381E-01
 0.2009667E-01
 0.2111422E-01
 0.1772238E-01
 0.1653523E-01
 0.1687442E-01
 0.1331298E-01
 0.1382176E-01
 0.8733994E-02
 0.9073179E-02
 0.8225218E-02
 0.3646231E-02
 0.2798270E-02
 0.2119902E-02
 0.1441533E-02
 0.8479606E-04
 0.0000000E+00
 0.0000000E+00
 0.8479606E-04
 0.0000000E+00
 0.3137454E-02
 0.4494192E-02
 0.5511744E-02
 0.5850928E-02
 0.7546850E-02
 0.9073179E-02
 0.1076910E-01
 0.1110828E-01
 0.1602646E-01
 0.1755279E-01
 0.2196218E-01
 0.1958789E-01
 0.2196218E-01
 0.2823709E-01
 0.2704995E-01
 0.2450606E-01
 0.3230730E-01
 0.2247096E-01
 0.2484525E-01
 0.2399729E-01
 0.1941830E-01
 0.2314933E-01
 0.1975748E-01
 0.1772238E-01
 0.1738319E-01
 0.1331298E-01
 0.1823115E-01
 0.1873993E-01
 0.1551768E-01
 0.1823115E-01
 0.1890952E-01
 0.1602646E-01
 0.1772238E-01
 0.1873993E-01
 0.1941830E-01
 0.1772238E-01
 0.2026626E-01
 0.2009667E-01
 0.2077504E-01
 0.2264055E-01
 0.2433647E-01
 0.3078097E-01
 0.2942424E-01
 0.2806750E-01
 0.2128381E-01
 0.1772238E-01
 0.2213177E-01
 0.1636564E-01
 0.1772238E-01
 0.1687442E-01
 0.1297380E-01
 0.1348257E-01
 0.9242771E-02
 0.9581955E-02
 0.6868481E-02
 0.5172560E-02
 0.1950309E-02
 0.2628678E-02
 0.1441533E-02
 0.8479606E-04
 0.0000000E+00
 0.0000000E+00
 0.0000000E+00
 0.0000000E+00
 0.2968617E-02
 0.3986429E-02
 0.5682782E-02
 0.6530958E-02
 0.6361323E-02
 0.9754029E-02
 0.1128075E-01
 0.1043257E-01
 0.1721798E-01
 0.1636980E-01
 0.2230704E-01
 0.1959288E-01
 0.2417303E-01
 0.2637829E-01
 0.2688719E-01
 0.2332485E-01
 0.3129771E-01
 0.2400339E-01
 0.2400339E-01
 0.2230704E-01
 0.2332485E-01
 0.1789652E-01
 0.2281595E-01
 0.1789652E-01
 0.1891433E-01
 0.1263783E-01
 0.1620017E-01
 0.2196777E-01
 0.1620017E-01
 0.1687871E-01
 0.1586090E-01
 0.1976251E-01
 0.1823579E-01
 0.1738762E-01
 0.1942324E-01
 0.1704835E-01
 0.1959288E-01
 0.2281595E-01
 0.2010178E-01
 0.2010178E-01
 0.2603902E-01
 0.2960136E-01
 0.3044953E-01
 0.2688719E-01
 0.2179813E-01
 0.1891433E-01
 0.2162850E-01
 0.1857506E-01
 0.1484309E-01
 0.1620017E-01
 0.1450382E-01
 0.1246819E-01
 0.1145038E-01
 0.8396947E-02
 0.6870229E-02
 0.4664970E-02
 0.2968617E-02
 0.2629347E-02
 0.1102629E-02
 0.8481764E-04
 0.0000000E+00
 0.0000000E+00
 0.0000000E+00
 0.0000000E+00
 0.2799932E-02
 0.3987782E-02
 0.5684711E-02
 0.6363482E-02
 0.6024096E-02
 0.1111488E-01
 0.1060580E-01
 0.1128457E-01
 0.1586628E-01
 0.1790260E-01
 0.2061768E-01
 0.2044799E-01
 0.2367215E-01
 0.2655693E-01
 0.2621755E-01
 0.2536908E-01
 0.2859325E-01
 0.2570847E-01
 0.2248430E-01
 0.2435092E-01
 0.1959953E-01
 0.1959953E-01
 0.2418123E-01
 0.1841168E-01
 0.1535720E-01
 0.1688444E-01
 0.1586628E-01
 0.2010860E-01
 0.1841168E-01
 0.1586628E-01
 0.1552690E-01
 0.1926014E-01
 0.1790260E-01
 0.1909045E-01
 0.1926014E-01
 0.1790260E-01
 0.1722383E-01
 0.2384185E-01
 0.1959953E-01
 0.1976922E-01
 0.2536908E-01
 0.3012048E-01
 0.3147803E-01
 0.2604785E-01
 0.2010860E-01
 0.2146615E-01
 0.2027830E-01
 0.1892075E-01
 0.1518751E-01
 0.1484813E-01
 0.1637536E-01
 0.1281181E-01
 0.1111488E-01
 0.8399797E-02
 0.6024096E-02
 0.6702868E-02
 0.1781775E-02
 0.2460546E-02
 0.5939250E-03
 0.5939250E-03
 0.0000000E+00
 0.0000000E+00
 0.0000000E+00
 0.0000000E+00
 0.2969625E-02
 0.3648396E-02
 0.5345325E-02
 0.7551332E-02
 0.5854404E-02
 0.1026642E-01
 0.1009673E-01
 0.1094519E-01
 0.1841168E-01
 0.1722383E-01
 0.1892075E-01
 0.2129645E-01
 0.2231461E-01
 0.2808417E-01
 0.2486000E-01
 0.2808417E-01
 0.2452062E-01
 0.2621755E-01
 0.2570847E-01
 0.2316307E-01
 0.1909045E-01
 0.2163584E-01
 0.1807229E-01
 0.2248430E-01
 0.1467843E-01
 0.1824198E-01
 0.1942983E-01
 0.1569659E-01
 0.2095707E-01
 0.1399966E-01
 0.1722383E-01
 0.1773290E-01
 0.1654505E-01
 0.1824198E-01
 0.2044799E-01
 0.1824198E-01
 0.2027830E-01
 0.1959953E-01
 0.2163584E-01
 0.2095707E-01
 0.2350246E-01
 0.2944171E-01
 0.3029018E-01
 0.2536908E-01
 0.2248430E-01
 0.2231461E-01
 0.1841168E-01
 0.2010860E-01
 0.1654505E-01
 0.1535720E-01
 0.1501782E-01
 0.1128457E-01
 0.1281181E-01
 0.8399797E-02
 0.5515018E-02
 0.6024096E-02
 0.2969625E-02
 0.1781775E-02
 0.1103004E-02
 0.5939250E-03
 0.0000000E+00
 0.0000000E+00
 0.0000000E+00
 0.0000000E+00
 0.2292020E-02
 0.3820034E-02
 0.6706282E-02
 0.6876061E-02
 0.5857385E-02
 0.1044143E-01
 0.9932089E-02
 0.1213922E-01
 0.1621392E-01
 0.1876061E-01
 0.1926995E-01
 0.1960951E-01
 0.2317487E-01
 0.2928693E-01
 0.2266553E-01
 0.2979627E-01
 0.2351443E-01
 0.2623090E-01
 0.2674024E-01
 0.1977929E-01
 0.2011885E-01
 0.2283531E-01
 0.1621392E-01
 0.2096774E-01
 0.1842105E-01
 0.1893039E-01
 0.2062818E-01
 0.1604414E-01
 0.1502547E-01
 0.1808149E-01
 0.1808149E-01
 0.1655348E-01
 0.1672326E-01
 0.1774194E-01
 0.2079796E-01
 0.1791172E-01
 0.2266553E-01
 0.1587436E-01
 0.2266553E-01
 0.2300509E-01
 0.1943973E-01
 0.3183362E-01
 0.2860781E-01
 0.2707980E-01
 0.2470289E-01
 0.2079796E-01
 0.1876061E-01
 0.1910017E-01
 0.1655348E-01
 0.1519525E-01
 0.1519525E-01
 0.1196944E-01
 0.1315789E-01
 0.7215620E-02
 0.4668931E-02
 0.6027165E-02
 0.4499151E-02
 0.1103565E-02
 0.1103565E-02
 0.5942275E-03
 0.0000000E+00
 0.0000000E+00
 0.0000000E+00
 0.8492569E-04
 0.1953291E-02
 0.5180467E-02
 0.6709130E-02
 0.4840764E-02
 0.7048832E-02
 0.1010616E-01
 0.9596603E-02
 0.1435244E-01
 0.1299363E-01
 0.2114650E-01
 0.1910828E-01
 0.1910828E-01
 0.2505308E-01
 0.2709129E-01
 0.2369427E-01
 0.2743100E-01
 0.2505308E-01
 0.2522293E-01
 0.2760085E-01
 0.2080679E-01
 0.1961784E-01
 0.1927813E-01
 0.1825902E-01
 0.2199575E-01
 0.1791932E-01
 0.1995754E-01
 0.2046709E-01
 0.1825902E-01
 0.1146497E-01
 0.2046709E-01
 0.1757962E-01
 0.1605096E-01
 0.1588110E-01
 0.1961784E-01
 0.1690021E-01
 0.2131635E-01
 0.2284501E-01
 0.1588110E-01
 0.2233546E-01
 0.2284501E-01
 0.2097665E-01
 0.2929936E-01
 0.2607219E-01
 0.2980892E-01
 0.2352442E-01
 0.2148620E-01
 0.1842888E-01
 0.1842888E-01
 0.1757962E-01
 0.1656051E-01
 0.1401274E-01
 0.1197452E-01
 0.1367304E-01
 0.7218684E-02
 0.4331210E-02
 0.5520170E-02
 0.4840764E-02
 0.1273885E-02
 0.1443737E-02
 0.4246284E-03
 0.0000000E+00
 0.0000000E+00
 0.0000000E+00
 0.0000000E+00
 0.2463054E-02
 0.4671310E-02
 0.6879565E-02
 0.6369968E-02
 0.5350773E-02
 0.9767284E-02
 0.1095634E-01
 0.1350433E-01
 0.1350433E-01
 0.2080856E-01
 0.1809071E-01
 0.2029896E-01
 0.2658400E-01
 0.2471547E-01
 0.2845252E-01
 0.2386614E-01
 0.2403601E-01
 0.2641413E-01
 0.2505521E-01
 0.2369628E-01
 0.2029896E-01
 0.1554272E-01
 0.2148802E-01
 0.1605232E-01
 0.2386614E-01
 0.1995923E-01
 0.2046883E-01
 0.1537286E-01
 0.1503312E-01
 0.1927977E-01
 0.1724138E-01
 0.1622218E-01
 0.1673178E-01
 0.1707151E-01
 0.1775098E-01
 0.2216749E-01
 0.2063869E-01
 0.1927977E-01
 0.1877017E-01
 0.2318668E-01
 0.2250722E-01
 0.2692373E-01
 0.2709360E-01
 0.2998132E-01
 0.2471547E-01
 0.2097843E-01
 0.1826057E-01
 0.1910990E-01
 0.1877017E-01
 0.1571259E-01
 0.1367420E-01
 0.1197554E-01
 0.1112621E-01
 0.8748089E-02
 0.5350773E-02
 0.4671310E-02
 0.4671310E-02
 0.1953457E-02
 0.1104128E-02
 0.7643961E-03
 0.0000000E+00
 0.0000000E+00
 0.0000000E+00
 0.2548636E-03
 0.2123864E-02
 0.3992864E-02
 0.7560955E-02
 0.6031773E-02
 0.5691955E-02
 0.1078923E-01
 0.1146886E-01
 0.1401750E-01
 0.1316795E-01
 0.2030414E-01
 0.1707586E-01
 0.2200323E-01
 0.2608105E-01
 0.2540141E-01
 0.2676068E-01
 0.2421205E-01
 0.2523150E-01
 0.2625096E-01
 0.2336250E-01
 0.2489168E-01
 0.1843514E-01
 0.1622632E-01
 0.1928468E-01
 0.1707586E-01
 0.2540141E-01
 0.2183332E-01
 0.1945459E-01
 0.1571659E-01
 0.1792541E-01
 0.1537677E-01
 0.1605641E-01
 0.1588650E-01
 0.2064396E-01
 0.1435732E-01
 0.1758559E-01
 0.2132359E-01
 0.2149350E-01
 0.2115368E-01
 0.1843514E-01
 0.2319259E-01
 0.2183332E-01
 0.2642087E-01
 0.2913941E-01
 0.2693059E-01
 0.2676068E-01
 0.1979441E-01
 0.1775550E-01
 0.2013423E-01
 0.1877495E-01
 0.1656614E-01
 0.1299805E-01
 0.1231841E-01
 0.9599864E-02
 0.9429955E-02
 0.4502591E-02
 0.5522046E-02
 0.4842409E-02
 0.1614136E-02
 0.1104409E-02
 0.4247727E-03
 0.0000000E+00
