 0.0000000E+00
 0.3170893E-03
 0.6007396E-03
 0.2398631E-02
 0.3857674E-02
 0.5409515E-02
 0.6969175E-02
 0.8038333E-02
 0.1027807E-01
 0.1065926E-01
 0.1234387E-01
 0.1345236E-01
 0.1599479E-01
 0.1839112E-01
 0.2073460E-01
 0.2357385E-01
 0.2392530E-01
 0.2438155E-01
 0.2648317E-01
 0.2518459E-01
 0.2197140E-01
 0.2234943E-01
 0.2032658E-01
 0.1923142E-01
 0.1862317E-01
 0.1908789E-01
 0.2029056E-01
 0.1913388E-01
 0.2043373E-01
 0.1971013E-01
 0.1900767E-01
 0.1901197E-01
 0.2092954E-01
 0.2035774E-01
 0.2028796E-01
 0.1887842E-01
 0.1877429E-01
 0.1902212E-01
 0.1973136E-01
 0.2120045E-01
 0.2038581E-01
 0.2092057E-01
 0.2095203E-01
 0.2321698E-01
 0.2701093E-01
 0.2701453E-01
 0.2735256E-01
 0.2627010E-01
 0.2407666E-01
 0.1972365E-01
 0.1856212E-01
 0.1692133E-01
 0.1456652E-01
 0.1232268E-01
 0.1200298E-01
 0.1063304E-01
 0.9517791E-02
 0.6824541E-02
 0.4435447E-02
 0.3258723E-02
 0.1851314E-02
 0.4643838E-03
 0.3625006E-03
 0.0000000E+00
 0.0000000E+00
 0.3035915E-03
 0.6344571E-03
 0.2314248E-02
 0.3902403E-02
 0.5533455E-02
 0.6947178E-02
 0.8065041E-02
 0.1015287E-01
 0.1088595E-01
 0.1220175E-01
 0.1300051E-01
 0.1621857E-01
 0.1856905E-01
 0.2079312E-01
 0.2337627E-01
 0.2415175E-01
 0.2492945E-01
 0.2668656E-01
 0.2507817E-01
 0.2245010E-01
 0.2186994E-01
 0.2005475E-01
 0.1864935E-01
 0.1840285E-01
 0.1917960E-01
 0.2026818E-01
 0.1984346E-01
 0.1983652E-01
 0.1952655E-01
 0.1889607E-01
 0.2008555E-01
 0.2059689E-01
 0.2053412E-01
 0.1974415E-01
 0.1840075E-01
 0.1823826E-01
 0.1969630E-01
 0.2067702E-01
 0.2029845E-01
 0.2045366E-01
 0.2068470E-01
 0.2066976E-01
 0.2310329E-01
 0.2693028E-01
 0.2818272E-01
 0.2745078E-01
 0.2576892E-01
 0.2380695E-01
 0.2010701E-01
 0.1872224E-01
 0.1680649E-01
 0.1442031E-01
 0.1218536E-01
 0.1206308E-01
 0.1085267E-01
 0.9567795E-02
 0.6828222E-02
 0.4335884E-02
 0.3305978E-02
 0.1902216E-02
 0.4965100E-03
 0.3625006E-03
 0.0000000E+00
 0.1037324E-04
 0.3213173E-03
 0.6181418E-03
 0.2218503E-02
 0.3859516E-02
 0.5628968E-02
 0.7017253E-02
 0.8198228E-02
 0.9819129E-02
 0.1097331E-01
 0.1207288E-01
 0.1263091E-01
 0.1640176E-01
 0.1875108E-01
 0.2091049E-01
 0.2311511E-01
 0.2447784E-01
 0.2543955E-01
 0.2675650E-01
 0.2513023E-01
 0.2306000E-01
 0.2133907E-01
 0.1960640E-01
 0.1825397E-01
 0.1832572E-01
 0.1947781E-01
 0.1997539E-01
 0.2048190E-01
 0.1935427E-01
 0.1905276E-01
 0.1931213E-01
 0.2079665E-01
 0.2046191E-01
 0.2056651E-01
 0.1867656E-01
 0.1803247E-01
 0.1837956E-01
 0.2009806E-01
 0.2128347E-01
 0.1975881E-01
 0.2042943E-01
 0.2048312E-01
 0.2048220E-01
 0.2303701E-01
 0.2713065E-01
 0.2922544E-01
 0.2741941E-01
 0.2538644E-01
 0.2338312E-01
 0.2055307E-01
 0.1896995E-01
 0.1680132E-01
 0.1409690E-01
 0.1203256E-01
 0.1214992E-01
 0.1112797E-01
 0.9580983E-02
 0.6792697E-02
 0.4126457E-02
 0.3391867E-02
 0.1850838E-02
 0.4983227E-03
 0.3935713E-03
 0.1281463E-04
 0.1431265E-04
 0.2954339E-03
 0.6558136E-03
 0.2057796E-02
 0.3906359E-02
 0.5659243E-02
 0.7044257E-02
 0.8142738E-02
 0.9636180E-02
 0.1137654E-01
 0.1180492E-01
 0.1234048E-01
 0.1658963E-01
 0.1909005E-01
 0.2084199E-01
 0.2275854E-01
 0.2472623E-01
 0.2626218E-01
 0.2650833E-01
 0.2523754E-01
 0.2350062E-01
 0.2097199E-01
 0.1912852E-01
 0.1801245E-01
 0.1878207E-01
 0.1956596E-01
 0.1963289E-01
 0.2039018E-01
 0.1926721E-01
 0.1851238E-01
 0.2050640E-01
 0.2063621E-01
 0.2052518E-01
 0.1973860E-01
 0.1814769E-01
 0.1768753E-01
 0.1907062E-01
 0.2041518E-01
 0.2068117E-01
 0.2033835E-01
 0.2008409E-01
 0.2030071E-01
 0.2096719E-01
 0.2282227E-01
 0.2724071E-01
 0.2974041E-01
 0.2730741E-01
 0.2532534E-01
 0.2265321E-01
 0.2129329E-01
 0.1894908E-01
 0.1697511E-01
 0.1362311E-01
 0.1209481E-01
 0.1233850E-01
 0.1137224E-01
 0.9486067E-02
 0.6818973E-02
 0.4018807E-02
 0.3370626E-02
 0.1841996E-02
 0.4979260E-03
 0.3907060E-03
 0.2824508E-04
 0.1431265E-04
 0.2688811E-03
 0.6759035E-03
 0.1895917E-02
 0.3877157E-02
 0.5853662E-02
 0.7046300E-02
 0.8144086E-02
 0.9388180E-02
 0.1151818E-01
 0.1167382E-01
 0.1232854E-01
 0.1673010E-01
 0.1938737E-01
 0.2029073E-01
 0.2294799E-01
 0.2483943E-01
 0.2709530E-01
 0.2604986E-01
 0.2566469E-01
 0.2373774E-01
 0.2056145E-01
 0.1882276E-01
 0.1812788E-01
 0.1904875E-01
 0.1935529E-01
 0.1971488E-01
 0.1975497E-01
 0.1883649E-01
 0.1919257E-01
 0.2095226E-01
 0.2060745E-01
 0.2021950E-01
 0.1889384E-01
 0.1767619E-01
 0.1793459E-01
 0.1994428E-01
 0.2025872E-01
 0.1976860E-01
 0.2068901E-01
 0.2019195E-01
 0.1989099E-01
 0.2147096E-01
 0.2309570E-01
 0.2735102E-01
 0.2986574E-01
 0.2731380E-01
 0.2503186E-01
 0.2230399E-01
 0.2181152E-01
 0.1916779E-01
 0.1685208E-01
 0.1337624E-01
 0.1218257E-01
 0.1257940E-01
 0.1142920E-01
 0.9420339E-02
 0.6725385E-02
 0.4009390E-02
 0.3432948E-02
 0.1775072E-02
 0.5160481E-03
 0.3907060E-03
 0.2824508E-04
 0.1767406E-04
 0.2548179E-03
 0.6466740E-03
 0.1914166E-02
 0.3714151E-02
 0.5973828E-02
 0.7088150E-02
 0.8043702E-02
 0.9312084E-02
 0.1152252E-01
 0.1175128E-01
 0.1243070E-01
 0.1660264E-01
 0.1955467E-01
 0.2023733E-01
 0.2302065E-01
 0.2482777E-01
 0.2723815E-01
 0.2640183E-01
 0.2610554E-01
 0.2338608E-01
 0.2035541E-01
 0.1858625E-01
 0.1850359E-01
 0.1900364E-01
 0.1973529E-01
 0.1944589E-01
 0.1865871E-01
 0.1871116E-01
 0.2051792E-01
 0.2093240E-01
 0.2061726E-01
 0.1912335E-01
 0.1809076E-01
 0.1794816E-01
 0.1869421E-01
 0.1958456E-01
 0.2027371E-01
 0.1970277E-01
 0.2059454E-01
 0.2016070E-01
 0.1963284E-01
 0.2191964E-01
 0.2398422E-01
 0.2726906E-01
 0.2912278E-01
 0.2787276E-01
 0.2448181E-01
 0.2271659E-01
 0.2142078E-01
 0.1941264E-01
 0.1681368E-01
 0.1343172E-01
 0.1219855E-01
 0.1285828E-01
 0.1145127E-01
 0.9386474E-02
 0.6522663E-02
 0.4115773E-02
 0.3429499E-02
 0.1739580E-02
 0.5145766E-03
 0.3904218E-03
 0.3028484E-04
 0.1767406E-04
 0.2368844E-03
 0.6643989E-03
 0.1877621E-02
 0.3487213E-02
 0.6208772E-02
 0.7073191E-02
 0.7868066E-02
 0.9423117E-02
 0.1129712E-01
 0.1204726E-01
 0.1268045E-01
 0.1644577E-01
 0.1928828E-01
 0.2046246E-01
 0.2311622E-01
 0.2514212E-01
 0.2675102E-01
 0.2712827E-01
 0.2635594E-01
 0.2277548E-01
 0.2022814E-01
 0.1871079E-01
 0.1896362E-01
 0.1897970E-01
 0.1995711E-01
 0.1876665E-01
 0.1799971E-01
 0.1940071E-01
 0.2077794E-01
 0.2113061E-01
 0.2004604E-01
 0.1828734E-01
 0.1748368E-01
 0.1863051E-01
 0.1943357E-01
 0.1885028E-01
 0.1951256E-01
 0.2055406E-01
 0.2033794E-01
 0.2008886E-01
 0.1999389E-01
 0.2210185E-01
 0.2484820E-01
 0.2684727E-01
 0.2841260E-01
 0.2806710E-01
 0.2437071E-01
 0.2347612E-01
 0.2062914E-01
 0.1951635E-01
 0.1672925E-01
 0.1368351E-01
 0.1246470E-01
 0.1296366E-01
 0.1141314E-01
 0.9346744E-02
 0.6316005E-02
 0.4265895E-02
 0.3459382E-02
 0.1662405E-02
 0.5230535E-03
 0.3921775E-03
 0.3028484E-04
 0.1738506E-04
 0.2083564E-03
 0.6959383E-03
 0.1819446E-02
 0.3388659E-02
 0.6296536E-02
 0.7047994E-02
 0.7744598E-02
 0.9553495E-02
 0.1092927E-01
 0.1236201E-01
 0.1330324E-01
 0.1609620E-01
 0.1891095E-01
 0.2096120E-01
 0.2318588E-01
 0.2484796E-01
 0.2691230E-01
 0.2735551E-01
 0.2660682E-01
 0.2234465E-01
 0.1993141E-01
 0.1956820E-01
 0.1905588E-01
 0.1952330E-01
 0.1914201E-01
 0.1812948E-01
 0.1812232E-01
 0.2006804E-01
 0.2075603E-01
 0.2075206E-01
 0.1939823E-01
 0.1750528E-01
 0.1758512E-01
 0.1938155E-01
 0.1959904E-01
 0.1833736E-01
 0.1865679E-01
 0.2128318E-01
 0.2032007E-01
 0.1961808E-01
 0.2094469E-01
 0.2219831E-01
 0.2547321E-01
 0.2671154E-01
 0.2779686E-01
 0.2745792E-01
 0.2498449E-01
 0.2386812E-01
 0.2017861E-01
 0.1900768E-01
 0.1715331E-01
 0.1385017E-01
 0.1291672E-01
 0.1280416E-01
 0.1148261E-01
 0.9295120E-02
 0.6140734E-02
 0.4300429E-02
 0.3523021E-02
 0.1656635E-02
 0.5240524E-03
 0.3868254E-03
 0.2358950E-04
 0.1738506E-04
 0.1946100E-03
 0.7163326E-03
 0.1759757E-02
 0.3334826E-02
 0.6291566E-02
 0.7061208E-02
 0.7738485E-02
 0.9467863E-02
 0.1061585E-01
 0.1281383E-01
 0.1407664E-01
 0.1537484E-01
 0.1860070E-01
 0.2171789E-01
 0.2298113E-01
 0.2461549E-01
 0.2728673E-01
 0.2726427E-01
 0.2625460E-01
 0.2294411E-01
 0.1953697E-01
 0.2012824E-01
 0.1970058E-01
 0.1970916E-01
 0.1786687E-01
 0.1783539E-01
 0.1891111E-01
 0.2039250E-01
 0.2069442E-01
 0.1946281E-01
 0.1876590E-01
 0.1761276E-01
 0.1823684E-01
 0.1924018E-01
 0.1921353E-01
 0.1818654E-01
 0.1875822E-01
 0.2074813E-01
 0.2045795E-01
 0.1999438E-01
 0.2160572E-01
 0.2205543E-01
 0.2583147E-01
 0.2685463E-01
 0.2748100E-01
 0.2684771E-01
 0.2552680E-01
 0.2402118E-01
 0.2021157E-01
 0.1783272E-01
 0.1754276E-01
 0.1436452E-01
 0.1347677E-01
 0.1247822E-01
 0.1157072E-01
 0.9185627E-02
 0.6032134E-02
 0.4327368E-02
 0.3630348E-02
 0.1598530E-02
 0.5522487E-03
 0.3690130E-03
 0.2358950E-04
 0.1373465E-04
 0.1849732E-03
 0.7166798E-03
 0.1747705E-02
 0.3445974E-02
 0.5991227E-02
 0.7009962E-02
 0.7892287E-02
 0.9273660E-02
 0.1068407E-01
 0.1287277E-01
 0.1477070E-01
 0.1502725E-01
 0.1837588E-01
 0.2213668E-01
 0.2273323E-01
 0.2486547E-01
 0.2724129E-01
 0.2711321E-01
 0.2604154E-01
 0.2305351E-01
 0.2017621E-01
 0.1997646E-01
 0.2074804E-01
 0.1900439E-01
 0.1690544E-01
 0.1810165E-01
 0.1965109E-01
 0.2063097E-01
 0.2020060E-01
 0.1839519E-01
 0.1762418E-01
 0.1865803E-01
 0.1899242E-01
 0.1867325E-01
 0.1858153E-01
 0.1847099E-01
 0.1931207E-01
 0.1949831E-01
 0.2039590E-01
 0.2108501E-01
 0.2186964E-01
 0.2264360E-01
 0.2472835E-01
 0.2762122E-01
 0.2733938E-01
 0.2625125E-01
 0.2579868E-01
 0.2439578E-01
 0.1972121E-01
 0.1742395E-01
 0.1740024E-01
 0.1544783E-01
 0.1353790E-01
 0.1238377E-01
 0.1169505E-01
 0.8937626E-02
 0.5841062E-02
 0.4491152E-02
 0.3721800E-02
 0.1536011E-02
 0.5682126E-03
 0.3585030E-03
 0.1485439E-04
 0.1176494E-04
 0.1683703E-03
 0.7385700E-03
 0.1769306E-02
 0.3456391E-02
 0.5670741E-02
 0.7059751E-02
 0.8123312E-02
 0.8853480E-02
 0.1092867E-01
 0.1306897E-01
 0.1494371E-01
 0.1532131E-01
 0.1816104E-01
 0.2208624E-01
 0.2272445E-01
 0.2489219E-01
 0.2709290E-01
 0.2721007E-01
 0.2561266E-01
 0.2365101E-01
 0.2061632E-01
 0.2015751E-01
 0.2099152E-01
 0.1832072E-01
 0.1694308E-01
 0.1840918E-01
 0.2005582E-01
 0.2031500E-01
 0.1909532E-01
 0.1795593E-01
 0.1746803E-01
 0.1914800E-01
 0.1942088E-01
 0.1779182E-01
 0.1814988E-01
 0.1909414E-01
 0.1944310E-01
 0.1857416E-01
 0.2062955E-01
 0.2198896E-01
 0.2190175E-01
 0.2252425E-01
 0.2464341E-01
 0.2794590E-01
 0.2727373E-01
 0.2637025E-01
 0.2554091E-01
 0.2426579E-01
 0.1971921E-01
 0.1714368E-01
 0.1716960E-01
 0.1641299E-01
 0.1342372E-01
 0.1265802E-01
 0.1146306E-01
 0.8829971E-02
 0.5815423E-02
 0.4556886E-02
 0.3785262E-02
 0.1512129E-02
 0.5830388E-03
 0.3406906E-03
 0.7139168E-05
 0.8403529E-05
 0.1414110E-03
 0.8008910E-03
 0.1723766E-02
 0.3516018E-02
 0.5364773E-02
 0.7096423E-02
 0.8241233E-02
 0.8535630E-02
 0.1128672E-01
 0.1324653E-01
 0.1475981E-01
 0.1582846E-01
 0.1836466E-01
 0.2128210E-01
 0.2326577E-01
 0.2490779E-01
 0.2660035E-01
 0.2741193E-01
 0.2561357E-01
 0.2352535E-01
 0.2134413E-01
 0.2096307E-01
 0.2016161E-01
 0.1795537E-01
 0.1774003E-01
 0.1842519E-01
 0.2033013E-01
 0.1924703E-01
 0.1834304E-01
 0.1778478E-01
 0.1805349E-01
 0.1893572E-01
 0.1908597E-01
 0.1769676E-01
 0.1791300E-01
 0.1991062E-01
 0.1859235E-01
 0.1858417E-01
 0.2078272E-01
 0.2228389E-01
 0.2225937E-01
 0.2237342E-01
 0.2437616E-01
 0.2823658E-01
 0.2754477E-01
 0.2682807E-01
 0.2490576E-01
 0.2372317E-01
 0.1979486E-01
 0.1731191E-01
 0.1710298E-01
 0.1683716E-01
 0.1342810E-01
 0.1290691E-01
 0.1145284E-01
 0.8591758E-02
 0.5719038E-02
 0.4699732E-02
 0.3851695E-02
 0.1472205E-02
 0.6216905E-03
 0.3026793E-03
 0.5099406E-05
 0.8403529E-05
 0.1248235E-03
 0.7971664E-03
 0.1840086E-02
 0.3459148E-02
 0.5041202E-02
 0.7213858E-02
 0.8231210E-02
 0.8423552E-02
 0.1151826E-01
 0.1348254E-01
 0.1430136E-01
 0.1657519E-01
 0.1858458E-01
 0.2068316E-01
 0.2345430E-01
 0.2508844E-01
 0.2583222E-01
 0.2757329E-01
 0.2629419E-01
 0.2314497E-01
 0.2198028E-01
 0.2170115E-01
 0.1878082E-01
 0.1826940E-01
 0.1852335E-01
 0.1919456E-01
 0.1912085E-01
 0.1852817E-01
 0.1752927E-01
 0.1819181E-01
 0.1870743E-01
 0.1869702E-01
 0.1790304E-01
 0.1816121E-01
 0.1818098E-01
 0.1927843E-01
 0.1863054E-01
 0.1921406E-01
 0.2101883E-01
 0.2173833E-01
 0.2204356E-01
 0.2293395E-01
 0.2418385E-01
 0.2846481E-01
 0.2793163E-01
 0.2689569E-01
 0.2482355E-01
 0.2267733E-01
 0.2016870E-01
 0.1757998E-01
 0.1713621E-01
 0.1665704E-01
 0.1388493E-01
 0.1296191E-01
 0.1151140E-01
 0.8357842E-02
 0.5654532E-02
 0.4801343E-02
 0.3876589E-02
 0.1547200E-02
 0.6137954E-03
 0.2681985E-03
 0.5099406E-05
 0.5042117E-05
 0.1073584E-03
 0.8304508E-03
 0.1935956E-02
 0.3330903E-02
 0.4811409E-02
 0.7267907E-02
 0.8174708E-02
 0.8670810E-02
 0.1151574E-01
 0.1352085E-01
 0.1416379E-01
 0.1703986E-01
 0.1917003E-01
 0.2001598E-01
 0.2322381E-01
 0.2527905E-01
 0.2526559E-01
 0.2791169E-01
 0.2693332E-01
 0.2282025E-01
 0.2258776E-01
 0.2158634E-01
 0.1857256E-01
 0.1827547E-01
 0.1932852E-01
 0.1968980E-01
 0.1772231E-01
 0.1764627E-01
 0.1757867E-01
 0.1848914E-01
 0.1923441E-01
 0.1790128E-01
 0.1719969E-01
 0.1809434E-01
 0.1926591E-01
 0.1828613E-01
 0.1923223E-01
 0.1956365E-01
 0.2064547E-01
 0.2140555E-01
 0.2173207E-01
 0.2329762E-01
 0.2453497E-01
 0.2843725E-01
 0.2866074E-01
 0.2649843E-01
 0.2513282E-01
 0.2136309E-01
 0.2028488E-01
 0.1849775E-01
 0.1712591E-01
 0.1629265E-01
 0.1393627E-01
 0.1318093E-01
 0.1170686E-01
 0.8112044E-02
 0.5653823E-02
 0.4901437E-02
 0.3925137E-02
 0.1559954E-02
 0.6404198E-03
 0.2224719E-03
 0.3059643E-05
 0.3361411E-05
 0.1072949E-03
 0.8597138E-03
 0.1978010E-02
 0.3213994E-02
 0.4705734E-02
 0.7314787E-02
 0.7926703E-02
 0.8961575E-02
 0.1129190E-01
 0.1373308E-01
 0.1450538E-01
 0.1682331E-01
 0.1973063E-01
 0.1992457E-01
 0.2291824E-01
 0.2505618E-01
 0.2506026E-01
 0.2836688E-01
 0.2705543E-01
 0.2325866E-01
 0.2260525E-01
 0.2090540E-01
 0.1924170E-01
 0.1846051E-01
 0.2016569E-01
 0.1892248E-01
 0.1715249E-01
 0.1684451E-01
 0.1799527E-01
 0.1858357E-01
 0.1877062E-01
 0.1758471E-01
 0.1734627E-01
 0.1818353E-01
 0.1880866E-01
 0.1821603E-01
 0.1973397E-01
 0.2024439E-01
 0.2004031E-01
 0.2060862E-01
 0.2203669E-01
 0.2303774E-01
 0.2537437E-01
 0.2823438E-01
 0.2932056E-01
 0.2642546E-01
 0.2476834E-01
 0.2094047E-01
 0.2024938E-01
 0.1901495E-01
 0.1739257E-01
 0.1586377E-01
 0.1394309E-01
 0.1365147E-01
 0.1156377E-01
 0.7889615E-02
 0.5713501E-02
 0.5022463E-02
 0.3883067E-02
 0.1644462E-02
 0.6367500E-03
 0.1820315E-03
 0.2039762E-05
 0.1680706E-05
 0.1074372E-03
 0.8941127E-03
 0.2033805E-02
 0.3031290E-02
 0.4637768E-02
 0.7451852E-02
 0.7597872E-02
 0.9277763E-02
 0.1122707E-01
 0.1363063E-01
 0.1527095E-01
 0.1634923E-01
 0.1998336E-01
 0.2046826E-01
 0.2206222E-01
 0.2471476E-01
 0.2556302E-01
 0.2842055E-01
 0.2713885E-01
 0.2391013E-01
 0.2238874E-01
 0.2031667E-01
 0.1962555E-01
 0.1991208E-01
 0.1959437E-01
 0.1787071E-01
 0.1722260E-01
 0.1664148E-01
 0.1784360E-01
 0.1869133E-01
 0.1784578E-01
 0.1776738E-01
 0.1782087E-01
 0.1811899E-01
 0.1758692E-01
 0.1928167E-01
 0.1999819E-01
 0.2019510E-01
 0.1945674E-01
 0.2015024E-01
 0.2236074E-01
 0.2275769E-01
 0.2602524E-01
 0.2855902E-01
 0.2924174E-01
 0.2694144E-01
 0.2367058E-01
 0.2136428E-01
 0.2003892E-01
 0.1950581E-01
 0.1750017E-01
 0.1552294E-01
 0.1376066E-01
 0.1422329E-01
 0.1132599E-01
 0.7839302E-02
 0.5773478E-02
 0.5100414E-02
 0.3861595E-02
 0.1741470E-02
 0.6490876E-03
 0.1340705E-03
 0.1019881E-05
 0.1680706E-05
 0.9741503E-04
 0.9317765E-03
 0.2068838E-02
 0.2842191E-02
 0.4715190E-02
 0.7362765E-02
 0.7564842E-02
 0.9225665E-02
 0.1122052E-01
 0.1404562E-01
 0.1539089E-01
 0.1638731E-01
 0.1955114E-01
 0.2117108E-01
 0.2171800E-01
 0.2416486E-01
 0.2627247E-01
 0.2809942E-01
 0.2749595E-01
 0.2451139E-01
 0.2212844E-01
 0.1972342E-01
 0.1986329E-01
 0.2128122E-01
 0.1865095E-01
 0.1695560E-01
 0.1764470E-01
 0.1702209E-01
 0.1804454E-01
 0.1740631E-01
 0.1727605E-01
 0.1771891E-01
 0.1859307E-01
 0.1793698E-01
 0.1759303E-01
 0.1968434E-01
 0.2012344E-01
 0.1986015E-01
 0.1870508E-01
 0.2060345E-01
 0.2188940E-01
 0.2285358E-01
 0.2604799E-01
 0.2924417E-01
 0.2907621E-01
 0.2726329E-01
 0.2300817E-01
 0.2205177E-01
 0.1984924E-01
 0.1935479E-01
 0.1760758E-01
 0.1533656E-01
 0.1400860E-01
 0.1438495E-01
 0.1101638E-01
 0.7961998E-02
 0.5817925E-02
 0.5162176E-02
 0.3874922E-02
 0.1794299E-02
 0.6516721E-03
 0.8983466E-04
 0.1019881E-05
 0.0000000E+00
 0.9036657E-04
 0.1032769E-02
 0.2029329E-02
 0.2684643E-02
 0.4803034E-02
 0.7251799E-02
 0.7683446E-02
 0.9137967E-02
 0.1138721E-01
 0.1398416E-01
 0.1523969E-01
 0.1687546E-01
 0.1939414E-01
 0.2150628E-01
 0.2143411E-01
 0.2381443E-01
 0.2693444E-01
 0.2780102E-01
 0.2755641E-01
 0.2513948E-01
 0.2176591E-01
 0.1967366E-01
 0.2038561E-01
 0.2113963E-01
 0.1841472E-01
 0.1693879E-01
 0.1722367E-01
 0.1782114E-01
 0.1745967E-01
 0.1658086E-01
 0.1701077E-01
 0.1792953E-01
 0.1854917E-01
 0.1778178E-01
 0.1852311E-01
 0.1950471E-01
 0.1983562E-01
 0.1910824E-01
 0.1882968E-01
 0.2106557E-01
 0.2141958E-01
 0.2322767E-01
 0.2564982E-01
 0.2923839E-01
 0.2981101E-01
 0.2696463E-01
 0.2313994E-01
 0.2192912E-01
 0.2030881E-01
 0.1892177E-01
 0.1813093E-01
 0.1523357E-01
 0.1382969E-01
 0.1400782E-01
 0.1112981E-01
 0.8142733E-02
 0.5986980E-02
 0.5147097E-02
 0.3881523E-02
 0.1922471E-02
 0.5895976E-03
 0.6566909E-04
 0.0000000E+00
 0.0000000E+00
 0.1072098E-03
 0.1118144E-02
 0.1921632E-02
 0.2551624E-02
 0.5064164E-02
 0.7033068E-02
 0.7737676E-02
 0.8852112E-02
 0.1177669E-01
 0.1418568E-01
 0.1492721E-01
 0.1709175E-01
 0.1962711E-01
 0.2106085E-01
 0.2182793E-01
 0.2385686E-01
 0.2677819E-01
 0.2774980E-01
 0.2790295E-01
 0.2542284E-01
 0.2145952E-01
 0.2035826E-01
 0.2041519E-01
 0.1992631E-01
 0.1860964E-01
 0.1779818E-01
 0.1666959E-01
 0.1820411E-01
 0.1658466E-01
 0.1631110E-01
 0.1680507E-01
 0.1792321E-01
 0.1791298E-01
 0.1903280E-01
 0.1939723E-01
 0.1881804E-01
 0.1915812E-01
 0.1819066E-01
 0.1958146E-01
 0.2073568E-01
 0.2184536E-01
 0.2315030E-01
 0.2534545E-01
 0.2917656E-01
 0.3028315E-01
 0.2688136E-01
 0.2348526E-01
 0.2202383E-01
 0.2050463E-01
 0.1840292E-01
 0.1829050E-01
 0.1528109E-01
 0.1406380E-01
 0.1366026E-01
 0.1095263E-01
 0.8370215E-02
 0.6205196E-02
 0.5038481E-02
 0.3935673E-02
 0.1982112E-02
 0.5877487E-03
 0.4881481E-04
 0.0000000E+00
 0.0000000E+00
 0.1394390E-03
 0.1173894E-02
 0.1825246E-02
 0.2439826E-02
 0.5239211E-02
 0.7074211E-02
 0.7504981E-02
 0.8699083E-02
 0.1224188E-01
 0.1429855E-01
 0.1468469E-01
 0.1696864E-01
 0.2007944E-01
 0.2032281E-01
 0.2246617E-01
 0.2424453E-01
 0.2624001E-01
 0.2794035E-01
 0.2838552E-01
 0.2518465E-01
 0.2165518E-01
 0.2083992E-01
 0.2017710E-01
 0.1895192E-01
 0.1877318E-01
 0.1843887E-01
 0.1731538E-01
 0.1687833E-01
 0.1632445E-01
 0.1624943E-01
 0.1702220E-01
 0.1714174E-01
 0.1807345E-01
 0.1961113E-01
 0.2011125E-01
 0.1859969E-01
 0.1767562E-01
 0.1803374E-01
 0.2022610E-01
 0.2033483E-01
 0.2255820E-01
 0.2299554E-01
 0.2487921E-01
 0.2894904E-01
 0.3053536E-01
 0.2728699E-01
 0.2391534E-01
 0.2221468E-01
 0.2018135E-01
 0.1840596E-01
 0.1787493E-01
 0.1589471E-01
 0.1415405E-01
 0.1301173E-01
 0.1079927E-01
 0.8676003E-02
 0.6540449E-02
 0.4935561E-02
 0.3961717E-02
 0.2048318E-02
 0.5703124E-03
 0.2526518E-04
 0.0000000E+00
 0.0000000E+00
 0.1773887E-03
 0.1228684E-02
 0.1710754E-02
 0.2364152E-02
 0.5390056E-02
 0.7040751E-02
 0.7382125E-02
 0.8588485E-02
 0.1256934E-01
 0.1441552E-01
 0.1436393E-01
 0.1720626E-01
 0.1984112E-01
 0.2025215E-01
 0.2299786E-01
 0.2461458E-01
 0.2565481E-01
 0.2823573E-01
 0.2872000E-01
 0.2483404E-01
 0.2202109E-01
 0.2132512E-01
 0.1970132E-01
 0.1823697E-01
 0.1913671E-01
 0.1891923E-01
 0.1777611E-01
 0.1539398E-01
 0.1618204E-01
 0.1665437E-01
 0.1679858E-01
 0.1678178E-01
 0.1831082E-01
 0.2005954E-01
 0.2028735E-01
 0.1811630E-01
 0.1645638E-01
 0.1862162E-01
 0.1980380E-01
 0.2082660E-01
 0.2281414E-01
 0.2303088E-01
 0.2438853E-01
 0.2873296E-01
 0.3052467E-01
 0.2773732E-01
 0.2461039E-01
 0.2240418E-01
 0.1991880E-01
 0.1819693E-01
 0.1766032E-01
 0.1645609E-01
 0.1404769E-01
 0.1255060E-01
 0.1053216E-01
 0.9104793E-02
 0.6717145E-02
 0.4879576E-02
 0.4030184E-02
 0.2104017E-02
 0.5466423E-03
 0.1510624E-04
 0.0000000E+00
 0.1082739E-06
 0.2188806E-03
 0.1233157E-02
 0.1619644E-02
 0.2381891E-02
 0.5565414E-02
 0.6985261E-02
 0.7103655E-02
 0.8874837E-02
 0.1265182E-01
 0.1449339E-01
 0.1415463E-01
 0.1708376E-01
 0.1968805E-01
 0.2068823E-01
 0.2326445E-01
 0.2426570E-01
 0.2578905E-01
 0.2881513E-01
 0.2866040E-01
 0.2467068E-01
 0.2224543E-01
 0.2126263E-01
 0.1957360E-01
 0.1792640E-01
 0.1912538E-01
 0.1908610E-01
 0.1786328E-01
 0.1544379E-01
 0.1546867E-01
 0.1667696E-01
 0.1651369E-01
 0.1728916E-01
 0.1835390E-01
 0.2006077E-01
 0.1984852E-01
 0.1774407E-01
 0.1668707E-01
 0.1900191E-01
 0.1906210E-01
 0.2101588E-01
 0.2269408E-01
 0.2326995E-01
 0.2404387E-01
 0.2848912E-01
 0.3054370E-01
 0.2828934E-01
 0.2526625E-01
 0.2235428E-01
 0.1962673E-01
 0.1807596E-01
 0.1770133E-01
 0.1659731E-01
 0.1423422E-01
 0.1200059E-01
 0.1048434E-01
 0.9200755E-02
 0.7005956E-02
 0.4936616E-02
 0.4086265E-02
 0.2101667E-02
 0.5270951E-03
 0.1368240E-04
 0.0000000E+00
 0.1082739E-06
 0.2925990E-03
 0.1210484E-02
 0.1523022E-02
 0.2393289E-02
 0.5737395E-02
 0.6860790E-02
 0.6888817E-02
 0.9030558E-02
 0.1309575E-01
 0.1407778E-01
 0.1451039E-01
 0.1656273E-01
 0.1913259E-01
 0.2183221E-01
 0.2330343E-01
 0.2358196E-01
 0.2674745E-01
 0.2902753E-01
 0.2820830E-01
 0.2488652E-01
 0.2221562E-01
 0.2096124E-01
 0.1977393E-01
 0.1831021E-01
 0.1876609E-01
 0.1882542E-01
 0.1749832E-01
 0.1599395E-01
 0.1538000E-01
 0.1593714E-01
 0.1690227E-01
 0.1759672E-01
 0.1890133E-01
 0.1932527E-01
 0.1861960E-01
 0.1781131E-01
 0.1758093E-01
 0.1858112E-01
 0.1931707E-01
 0.2074984E-01
 0.2232402E-01
 0.2345534E-01
 0.2417980E-01
 0.2825184E-01
 0.3054084E-01
 0.2856224E-01
 0.2580600E-01
 0.2250891E-01
 0.1964723E-01
 0.1758342E-01
 0.1787100E-01
 0.1695345E-01
 0.1394495E-01
 0.1182146E-01
 0.1027293E-01
 0.9270980E-02
 0.7317599E-02
 0.5004123E-02
 0.4104254E-02
 0.2080366E-02
 0.5275096E-03
 0.2121799E-04
 0.0000000E+00
 0.2165478E-06
 0.3651020E-03
 0.1173542E-02
 0.1455917E-02
 0.2476463E-02
 0.5863030E-02
 0.6662721E-02
 0.6816389E-02
 0.9117545E-02
 0.1329097E-01
 0.1400720E-01
 0.1474994E-01
 0.1603355E-01
 0.1911969E-01
 0.2227178E-01
 0.2315414E-01
 0.2363077E-01
 0.2737549E-01
 0.2900336E-01
 0.2792275E-01
 0.2514393E-01
 0.2231798E-01
 0.2063846E-01
 0.1980164E-01
 0.1919818E-01
 0.1795543E-01
 0.1817065E-01
 0.1723151E-01
 0.1686851E-01
 0.1545964E-01
 0.1526586E-01
 0.1700469E-01
 0.1818008E-01
 0.1931923E-01
 0.1819861E-01
 0.1700171E-01
 0.1835948E-01
 0.1875716E-01
 0.1823469E-01
 0.1977411E-01
 0.1987952E-01
 0.2182693E-01
 0.2354555E-01
 0.2474661E-01
 0.2851618E-01
 0.3031634E-01
 0.2843873E-01
 0.2634061E-01
 0.2271244E-01
 0.1937754E-01
 0.1754786E-01
 0.1803824E-01
 0.1685543E-01
 0.1404351E-01
 0.1150428E-01
 0.1021742E-01
 0.9273169E-02
 0.7550917E-02
 0.5117149E-02
 0.4148289E-02
 0.2062342E-02
 0.5470003E-03
 0.2244985E-04
 0.0000000E+00
 0.4330956E-06
 0.4508542E-03
 0.1086327E-02
 0.1425742E-02
 0.2631844E-02
 0.5857170E-02
 0.6507889E-02
 0.6928247E-02
 0.9208119E-02
 0.1320117E-01
 0.1409882E-01
 0.1478917E-01
 0.1568119E-01
 0.1918404E-01
 0.2226392E-01
 0.2292008E-01
 0.2454608E-01
 0.2762395E-01
 0.2859349E-01
 0.2786994E-01
 0.2534761E-01
 0.2247753E-01
 0.2046975E-01
 0.1985398E-01
 0.1941661E-01
 0.1814776E-01
 0.1687965E-01
 0.1728145E-01
 0.1715303E-01
 0.1589281E-01
 0.1562355E-01
 0.1649396E-01
 0.1876787E-01
 0.1899219E-01
 0.1686971E-01
 0.1665906E-01
 0.1832110E-01
 0.1940904E-01
 0.1881415E-01
 0.1940666E-01
 0.1981989E-01
 0.2090581E-01
 0.2340454E-01
 0.2560914E-01
 0.2930611E-01
 0.2950935E-01
 0.2839305E-01
 0.2658926E-01
 0.2300795E-01
 0.1929582E-01
 0.1779022E-01
 0.1777547E-01
 0.1688886E-01
 0.1383640E-01
 0.1159118E-01
 0.1009549E-01
 0.9216988E-02
 0.7703974E-02
 0.5342525E-02
 0.4118023E-02
 0.2031729E-02
 0.5918681E-03
 0.3100531E-04
 0.0000000E+00
 0.1093609E-04
 0.5147229E-03
 0.1027517E-02
 0.1347163E-02
 0.2878252E-02
 0.5659468E-02
 0.6481691E-02
 0.7071244E-02
 0.9389744E-02
 0.1279535E-01
 0.1441666E-01
 0.1468374E-01
 0.1566452E-01
 0.1934596E-01
 0.2163231E-01
 0.2303584E-01
 0.2558685E-01
 0.2791916E-01
 0.2788538E-01
 0.2781163E-01
 0.2543167E-01
 0.2303486E-01
 0.2055170E-01
 0.1938047E-01
 0.1959237E-01
 0.1824774E-01
 0.1615826E-01
 0.1691595E-01
 0.1721523E-01
 0.1671378E-01
 0.1601550E-01
 0.1652700E-01
 0.1862096E-01
 0.1791270E-01
 0.1621824E-01
 0.1694876E-01
 0.1794641E-01
 0.1958534E-01
 0.1969848E-01
 0.1900561E-01
 0.1958601E-01
 0.2037478E-01
 0.2308056E-01
 0.2650167E-01
 0.2977858E-01
 0.2937100E-01
 0.2813549E-01
 0.2619169E-01
 0.2339875E-01
 0.1948369E-01
 0.1829807E-01
 0.1730925E-01
 0.1704757E-01
 0.1359176E-01
 0.1166809E-01
 0.1002850E-01
 0.9162611E-02
 0.7748085E-02
 0.5577278E-02
 0.4165824E-02
 0.1938786E-02
 0.6434654E-03
 0.3996474E-04
 0.0000000E+00
 0.2143907E-04
 0.5852208E-03
 0.9424439E-03
 0.1352112E-02
 0.3219454E-02
 0.5284259E-02
 0.6394211E-02
 0.7318807E-02
 0.9618196E-02
 0.1237797E-01
 0.1469135E-01
 0.1458282E-01
 0.1600938E-01
 0.1909761E-01
 0.2087030E-01
 0.2314901E-01
 0.2667473E-01
 0.2839988E-01
 0.2737121E-01
 0.2719913E-01
 0.2548077E-01
 0.2372294E-01
 0.2083732E-01
 0.1910644E-01
 0.1894188E-01
 0.1824772E-01
 0.1631221E-01
 0.1631229E-01
 0.1738292E-01
 0.1746516E-01
 0.1659674E-01
 0.1721061E-01
 0.1752541E-01
 0.1623608E-01
 0.1651079E-01
 0.1729947E-01
 0.1819928E-01
 0.1916392E-01
 0.2002587E-01
 0.1905980E-01
 0.1901842E-01
 0.2039395E-01
 0.2317258E-01
 0.2662756E-01
 0.2959536E-01
 0.2997750E-01
 0.2807552E-01
 0.2570871E-01
 0.2337164E-01
 0.2001331E-01
 0.1855763E-01
 0.1697891E-01
 0.1678690E-01
 0.1362330E-01
 0.1166699E-01
 0.1019064E-01
 0.9148713E-02
 0.7582359E-02
 0.5840254E-02
 0.4268264E-02
 0.1832484E-02
 0.7095812E-03
 0.6287695E-04
 0.0000000E+00
 0.4696704E-04
 0.6244559E-03
 0.8933499E-03
 0.1351435E-02
 0.3409726E-02
 0.5087890E-02
 0.6293498E-02
 0.7561507E-02
 0.9801880E-02
 0.1195913E-01
 0.1454864E-01
 0.1508019E-01
 0.1638918E-01
 0.1816249E-01
 0.2074465E-01
 0.2339546E-01
 0.2769984E-01
 0.2756586E-01
 0.2742368E-01
 0.2687106E-01
 0.2665101E-01
 0.2387723E-01
 0.2092719E-01
 0.1908964E-01
 0.1863617E-01
 0.1757347E-01
 0.1682263E-01
 0.1631537E-01
 0.1669301E-01
 0.1794583E-01
 0.1729620E-01
 0.1785918E-01
 0.1599859E-01
 0.1486614E-01
 0.1709662E-01
 0.1703128E-01
 0.1844233E-01
 0.1879934E-01
 0.1940488E-01
 0.1971179E-01
 0.1911058E-01
 0.2001307E-01
 0.2348370E-01
 0.2762499E-01
 0.2921797E-01
 0.3071542E-01
 0.2719715E-01
 0.2554945E-01
 0.2291167E-01
 0.2107115E-01
 0.1876720E-01
 0.1656885E-01
 0.1663746E-01
 0.1368507E-01
 0.1159155E-01
 0.1047092E-01
 0.8972553E-02
 0.7355344E-02
 0.6223606E-02
 0.4246767E-02
 0.1758522E-02
 0.8159559E-03
 0.6287695E-04
 0.0000000E+00
 0.4707532E-04
 0.6481379E-03
 0.8850448E-03
 0.1500905E-02
 0.3455452E-02
 0.4827842E-02
 0.6282625E-02
 0.7842053E-02
 0.9836664E-02
 0.1178700E-01
 0.1420926E-01
 0.1553180E-01
 0.1662976E-01
 0.1764915E-01
 0.2053391E-01
 0.2424571E-01
 0.2748920E-01
 0.2745907E-01
 0.2675285E-01
 0.2750591E-01
 0.2762515E-01
 0.2330530E-01
 0.2115129E-01
 0.1928020E-01
 0.1841249E-01
 0.1673478E-01
 0.1692543E-01
 0.1683783E-01
 0.1676353E-01
 0.1731775E-01
 0.1876124E-01
 0.1751358E-01
 0.1468257E-01
 0.1503471E-01
 0.1623293E-01
 0.1769965E-01
 0.1850490E-01
 0.1842420E-01
 0.1836414E-01
 0.2021945E-01
 0.1977284E-01
 0.1962468E-01
 0.2366663E-01
 0.2815994E-01
 0.2950000E-01
 0.3035215E-01
 0.2738364E-01
 0.2449294E-01
 0.2324693E-01
 0.2145877E-01
 0.1943227E-01
 0.1638928E-01
 0.1593937E-01
 0.1398515E-01
 0.1151966E-01
 0.1067333E-01
 0.8846105E-02
 0.7363222E-02
 0.6367694E-02
 0.4154871E-02
 0.1770827E-02
 0.8962075E-03
 0.9351601E-04
 0.0000000E+00
 0.8227845E-04
 0.6302547E-03
 0.8702471E-03
 0.1634866E-02
 0.3512914E-02
 0.4681109E-02
 0.6240175E-02
 0.7954213E-02
 0.9887216E-02
 0.1166360E-01
 0.1397295E-01
 0.1662824E-01
 0.1615776E-01
 0.1726296E-01
 0.2068231E-01
 0.2400832E-01
 0.2728281E-01
 0.2753225E-01
 0.2703287E-01
 0.2864932E-01
 0.2721805E-01
 0.2300284E-01
 0.2147923E-01
 0.1993178E-01
 0.1737717E-01
 0.1654469E-01
 0.1717341E-01
 0.1714875E-01
 0.1668810E-01
 0.1762802E-01
 0.1844954E-01
 0.1704377E-01
 0.1445049E-01
 0.1475182E-01
 0.1630487E-01
 0.1735793E-01
 0.1808522E-01
 0.1863204E-01
 0.1821986E-01
 0.1932141E-01
 0.2044885E-01
 0.2032312E-01
 0.2360220E-01
 0.2822890E-01
 0.2973611E-01
 0.2996306E-01
 0.2786925E-01
 0.2475238E-01
 0.2260640E-01
 0.2153485E-01
 0.1968439E-01
 0.1610629E-01
 0.1586808E-01
 0.1404995E-01
 0.1173712E-01
 0.1073870E-01
 0.8687625E-02
 0.7523908E-02
 0.6331497E-02
 0.4083343E-02
 0.1859704E-02
 0.9850245E-03
 0.1041972E-03
 0.0000000E+00
 0.1078064E-03
 0.6601059E-03
 0.8002723E-03
 0.1946943E-02
 0.3349830E-02
 0.4549567E-02
 0.6137091E-02
 0.8203697E-02
 0.1015376E-01
 0.1130225E-01
 0.1378421E-01
 0.1685447E-01
 0.1624880E-01
 0.1742424E-01
 0.2081558E-01
 0.2414713E-01
 0.2614992E-01
 0.2704237E-01
 0.2782378E-01
 0.2926981E-01
 0.2750500E-01
 0.2288772E-01
 0.2130326E-01
 0.2009408E-01
 0.1726643E-01
 0.1623248E-01
 0.1732466E-01
 0.1740654E-01
 0.1713654E-01
 0.1786708E-01
 0.1785295E-01
 0.1584245E-01
 0.1520609E-01
 0.1490905E-01
 0.1610332E-01
 0.1695787E-01
 0.1773946E-01
 0.1834700E-01
 0.1855652E-01
 0.1889418E-01
 0.2029615E-01
 0.2169636E-01
 0.2337412E-01
 0.2862821E-01
 0.2987581E-01
 0.2937554E-01
 0.2752451E-01
 0.2476946E-01
 0.2266420E-01
 0.2149023E-01
 0.1972813E-01
 0.1673353E-01
 0.1537167E-01
 0.1370484E-01
 0.1204286E-01
 0.1097366E-01
 0.8547502E-02
 0.7659981E-02
 0.6146075E-02
 0.3966151E-02
 0.2062216E-02
 0.1051096E-02
 0.1140306E-03
 0.0000000E+00
 0.1287707E-03
 0.6564977E-03
 0.7746044E-03
 0.2213039E-02
 0.3273018E-02
 0.4387022E-02
 0.6061611E-02
 0.8526413E-02
 0.1016609E-01
 0.1111016E-01
 0.1380554E-01
 0.1700566E-01
 0.1607071E-01
 0.1760582E-01
 0.2156871E-01
 0.2345127E-01
 0.2544141E-01
 0.2637376E-01
 0.2877438E-01
 0.2967122E-01
 0.2812881E-01
 0.2287968E-01
 0.2051877E-01
 0.2026140E-01
 0.1772311E-01
 0.1661271E-01
 0.1675018E-01
 0.1768727E-01
 0.1746565E-01
 0.1798097E-01
 0.1683108E-01
 0.1506412E-01
 0.1565280E-01
 0.1550534E-01
 0.1570858E-01
 0.1657787E-01
 0.1700496E-01
 0.1803178E-01
 0.1896496E-01
 0.1875040E-01
 0.2062685E-01
 0.2176859E-01
 0.2424182E-01
 0.2818505E-01
 0.3093934E-01
 0.2843724E-01
 0.2668631E-01
 0.2544202E-01
 0.2266465E-01
 0.2176312E-01
 0.1923499E-01
 0.1700365E-01
 0.1536919E-01
 0.1342250E-01
 0.1242828E-01
 0.1069624E-01
 0.9001646E-02
 0.7670857E-02
 0.5819137E-02
 0.3892857E-02
 0.2301466E-02
 0.1118721E-02
 0.1199581E-03
 0.0000000E+00
 0.1384458E-03
 0.6580901E-03
 0.7590454E-03
 0.2331441E-02
 0.3293352E-02
 0.4317385E-02
 0.6012454E-02
 0.8438517E-02
 0.1033524E-01
 0.1118202E-01
 0.1407308E-01
 0.1645062E-01
 0.1642937E-01
 0.1807147E-01
 0.2142722E-01
 0.2339611E-01
 0.2414918E-01
 0.2620075E-01
 0.3007309E-01
 0.2934817E-01
 0.2887730E-01
 0.2316373E-01
 0.2002911E-01
 0.1942348E-01
 0.1856282E-01
 0.1724596E-01
 0.1689315E-01
 0.1712494E-01
 0.1789857E-01
 0.1744098E-01
 0.1590233E-01
 0.1525960E-01
 0.1567075E-01
 0.1622088E-01
 0.1523226E-01
 0.1603063E-01
 0.1646088E-01
 0.1766437E-01
 0.1921661E-01
 0.1927347E-01
 0.2018114E-01
 0.2208787E-01
 0.2478507E-01
 0.2832490E-01
 0.3096543E-01
 0.2879963E-01
 0.2583195E-01
 0.2515310E-01
 0.2391808E-01
 0.2089280E-01
 0.1880582E-01
 0.1759290E-01
 0.1506313E-01
 0.1356315E-01
 0.1274602E-01
 0.1068835E-01
 0.9030486E-02
 0.7779097E-02
 0.5453472E-02
 0.3928805E-02
 0.2399226E-02
 0.1183041E-02
 0.1502793E-03
 0.0000000E+00
 0.1401263E-03
 0.6854351E-03
 0.7724161E-03
 0.2565009E-02
 0.3212505E-02
 0.4091645E-02
 0.6223550E-02
 0.8294645E-02
 0.1046749E-01
 0.1132332E-01
 0.1403768E-01
 0.1583892E-01
 0.1665978E-01
 0.1866396E-01
 0.2172935E-01
 0.2296952E-01
 0.2342870E-01
 0.2631376E-01
 0.2934332E-01
 0.3026483E-01
 0.2941313E-01
 0.2356983E-01
 0.1999462E-01
 0.1851425E-01
 0.1877008E-01
 0.1844725E-01
 0.1716368E-01
 0.1654349E-01
 0.1780717E-01
 0.1693219E-01
 0.1522926E-01
 0.1567835E-01
 0.1577683E-01
 0.1571688E-01
 0.1582031E-01
 0.1499462E-01
 0.1660220E-01
 0.1725455E-01
 0.1902745E-01
 0.1989549E-01
 0.1989463E-01
 0.2233046E-01
 0.2484364E-01
 0.2922437E-01
 0.3110277E-01
 0.2833530E-01
 0.2528382E-01
 0.2491686E-01
 0.2468281E-01
 0.2091649E-01
 0.1865268E-01
 0.1728350E-01
 0.1513154E-01
 0.1376048E-01
 0.1237266E-01
 0.1088346E-01
 0.9308001E-02
 0.7855111E-02
 0.5158125E-02
 0.3773606E-02
 0.2714100E-02
 0.1266254E-02
 0.1323604E-03
 0.0000000E+00
 0.1703928E-03
 0.6899441E-03
 0.7883848E-03
 0.2627480E-02
 0.3260311E-02
 0.4131249E-02
 0.6046745E-02
 0.8386517E-02
 0.1039405E-01
 0.1148663E-01
 0.1418029E-01
 0.1569606E-01
 0.1662990E-01
 0.1916458E-01
 0.2180352E-01
 0.2226130E-01
 0.2320389E-01
 0.2630030E-01
 0.2894488E-01
 0.3059402E-01
 0.2996130E-01
 0.2381875E-01
 0.2045727E-01
 0.1790244E-01
 0.1855971E-01
 0.1959124E-01
 0.1737857E-01
 0.1674724E-01
 0.1673734E-01
 0.1618725E-01
 0.1525285E-01
 0.1612975E-01
 0.1566533E-01
 0.1540483E-01
 0.1533279E-01
 0.1523031E-01
 0.1637295E-01
 0.1711119E-01
 0.1859311E-01
 0.2012059E-01
 0.2004306E-01
 0.2263026E-01
 0.2471405E-01
 0.3007603E-01
 0.3093968E-01
 0.2815754E-01
 0.2556386E-01
 0.2448069E-01
 0.2446115E-01
 0.2134763E-01
 0.1852732E-01
 0.1652150E-01
 0.1541985E-01
 0.1446223E-01
 0.1194243E-01
 0.1108463E-01
 0.9558215E-02
 0.7724942E-02
 0.4943813E-02
 0.3664885E-02
 0.2958073E-02
 0.1271545E-02
 0.1919814E-03
 0.0000000E+00
 0.1855261E-03
 0.6769478E-03
 0.8797572E-03
 0.2666384E-02
 0.3324721E-02
 0.3969077E-02
 0.6238271E-02
 0.8249326E-02
 0.1006285E-01
 0.1202507E-01
 0.1408754E-01
 0.1543407E-01
 0.1704981E-01
 0.1934479E-01
 0.2141481E-01
 0.2193323E-01
 0.2410937E-01
 0.2537615E-01
 0.2860673E-01
 0.3055245E-01
 0.2987861E-01
 0.2517238E-01
 0.2056305E-01
 0.1786189E-01
 0.1871318E-01
 0.1928004E-01
 0.1819649E-01
 0.1699015E-01
 0.1581373E-01
 0.1504581E-01
 0.1581842E-01
 0.1619972E-01
 0.1588622E-01
 0.1481427E-01
 0.1476991E-01
 0.1585756E-01
 0.1591970E-01
 0.1752912E-01
 0.1786370E-01
 0.1970720E-01
 0.2071637E-01
 0.2244923E-01
 0.2549482E-01
 0.3041590E-01
 0.3068840E-01
 0.2792640E-01
 0.2537332E-01
 0.2521914E-01
 0.2377782E-01
 0.2164551E-01
 0.1816008E-01
 0.1637976E-01
 0.1543067E-01
 0.1484892E-01
 0.1189363E-01
 0.1113495E-01
 0.9525198E-02
 0.7876785E-02
 0.4695091E-02
 0.3593430E-02
 0.3086443E-02
 0.1411991E-02
 0.1887098E-03
 0.0000000E+00
 0.2172348E-03
 0.6513981E-03
 0.9722227E-03
 0.2671800E-02
 0.3332914E-02
 0.4074633E-02
 0.6034947E-02
 0.8425624E-02
 0.1010331E-01
 0.1180209E-01
 0.1425893E-01
 0.1545969E-01
 0.1717268E-01
 0.1941899E-01
 0.2108650E-01
 0.2219081E-01
 0.2411376E-01
 0.2509982E-01
 0.2843491E-01
 0.3020410E-01
 0.2936127E-01
 0.2654559E-01
 0.2083748E-01
 0.1823780E-01
 0.1907794E-01
 0.1865814E-01
 0.1841997E-01
 0.1730577E-01
 0.1521137E-01
 0.1466682E-01
 0.1580592E-01
 0.1594487E-01
 0.1576756E-01
 0.1436389E-01
 0.1490775E-01
 0.1576942E-01
 0.1639364E-01
 0.1694771E-01
 0.1796287E-01
 0.1896142E-01
 0.2113795E-01
 0.2246364E-01
 0.2652908E-01
 0.3009268E-01
 0.3046307E-01
 0.2802405E-01
 0.2571953E-01
 0.2534466E-01
 0.2332859E-01
 0.2157138E-01
 0.1815186E-01
 0.1617544E-01
 0.1550063E-01
 0.1508292E-01
 0.1184254E-01
 0.1121491E-01
 0.9708120E-02
 0.7740007E-02
 0.4620274E-02
 0.3463553E-02
 0.3212475E-02
 0.1550997E-02
 0.1887098E-03
 0.0000000E+00
 0.1403260E-03
 0.6891677E-03
 0.1137987E-02
 0.2610615E-02
 0.3328103E-02
 0.4202068E-02
 0.5950100E-02
 0.8510362E-02
 0.1018022E-01
 0.1163226E-01
 0.1424146E-01
 0.1581373E-01
 0.1719329E-01
 0.1915766E-01
 0.2098130E-01
 0.2265881E-01
 0.2390615E-01
 0.2502307E-01
 0.2841841E-01
 0.2896713E-01
 0.2922879E-01
 0.2735274E-01
 0.2154194E-01
 0.1954980E-01
 0.1897509E-01
 0.1807803E-01
 0.1807355E-01
 0.1731059E-01
 0.1521020E-01
 0.1484550E-01
 0.1521207E-01
 0.1572838E-01
 0.1496353E-01
 0.1494456E-01
 0.1516662E-01
 0.1560234E-01
 0.1613620E-01
 0.1699217E-01
 0.1756440E-01
 0.1878399E-01
 0.2107169E-01
 0.2265345E-01
 0.2791088E-01
 0.2955353E-01
 0.2999657E-01
 0.2814846E-01
 0.2625543E-01
 0.2520858E-01
 0.2328225E-01
 0.2112583E-01
 0.1799095E-01
 0.1622488E-01
 0.1586368E-01
 0.1471527E-01
 0.1218867E-01
 0.1110495E-01
 0.9984300E-02
 0.7457555E-02
 0.4709145E-02
 0.3298994E-02
 0.3406273E-02
 0.1661160E-02
 0.1853542E-03
 0.0000000E+00
 0.1403260E-03
 0.6784192E-03
 0.1240441E-02
 0.2685463E-02
 0.3314326E-02
 0.4247357E-02
 0.5906204E-02
 0.8457772E-02
 0.1009964E-01
 0.1151563E-01
 0.1441675E-01
 0.1604435E-01
 0.1722682E-01
 0.1875182E-01
 0.2114591E-01
 0.2304601E-01
 0.2353950E-01
 0.2541976E-01
 0.2784025E-01
 0.2850718E-01
 0.2921913E-01
 0.2676533E-01
 0.2315599E-01
 0.2070974E-01
 0.1864932E-01
 0.1791448E-01
 0.1763494E-01
 0.1650933E-01
 0.1616438E-01
 0.1483434E-01
 0.1504561E-01
 0.1452574E-01
 0.1460425E-01
 0.1582161E-01
 0.1538842E-01
 0.1548495E-01
 0.1573220E-01
 0.1687228E-01
 0.1752932E-01
 0.1870363E-01
 0.2052915E-01
 0.2346714E-01
 0.2787329E-01
 0.2980872E-01
 0.2966621E-01
 0.2849422E-01
 0.2646540E-01
 0.2513209E-01
 0.2373434E-01
 0.2028274E-01
 0.1772200E-01
 0.1667841E-01
 0.1582362E-01
 0.1457469E-01
 0.1256100E-01
 0.1111351E-01
 0.9762046E-02
 0.7378405E-02
 0.4804425E-02
 0.3204656E-02
 0.3501242E-02
 0.1744976E-02
 0.1894238E-03
 0.0000000E+00
 0.1306509E-03
 0.6740654E-03
 0.1373351E-02
 0.2626994E-02
 0.3301458E-02
 0.4288988E-02
 0.6131076E-02
 0.8419536E-02
 0.9920684E-02
 0.1155487E-01
 0.1432355E-01
 0.1634034E-01
 0.1737212E-01
 0.1818830E-01
 0.2146014E-01
 0.2302219E-01
 0.2353987E-01
 0.2580762E-01
 0.2720232E-01
 0.2799357E-01
 0.2915264E-01
 0.2614992E-01
 0.2493663E-01
 0.2147393E-01
 0.1903445E-01
 0.1714925E-01
 0.1743929E-01
 0.1602894E-01
 0.1650109E-01
 0.1544427E-01
 0.1417887E-01
 0.1354572E-01
 0.1489831E-01
 0.1604104E-01
 0.1566648E-01
 0.1535193E-01
 0.1573833E-01
 0.1626899E-01
 0.1753770E-01
 0.1886735E-01
 0.2013038E-01
 0.2410152E-01
 0.2749771E-01
 0.3046545E-01
 0.2936460E-01
 0.2871087E-01
 0.2642757E-01
 0.2562127E-01
 0.2345543E-01
 0.2002025E-01
 0.1708746E-01
 0.1719896E-01
 0.1583375E-01
 0.1450702E-01
 0.1272114E-01
 0.1109269E-01
 0.9567897E-02
 0.7520709E-02
 0.4825629E-02
 0.3193549E-02
 0.3525051E-02
 0.1857760E-02
 0.1971051E-03
 0.0000000E+00
 0.1216880E-03
 0.6758286E-03
 0.1496590E-02
 0.2632323E-02
 0.3203316E-02
 0.4401016E-02
 0.6348185E-02
 0.8264543E-02
 0.9677767E-02
 0.1162286E-01
 0.1450195E-01
 0.1656292E-01
 0.1694585E-01
 0.1838447E-01
 0.2164689E-01
 0.2259630E-01
 0.2432141E-01
 0.2536711E-01
 0.2707054E-01
 0.2742717E-01
 0.2908798E-01
 0.2631616E-01
 0.2495639E-01
 0.2325388E-01
 0.1882608E-01
 0.1735776E-01
 0.1622067E-01
 0.1631449E-01
 0.1604463E-01
 0.1618498E-01
 0.1353449E-01
 0.1316981E-01
 0.1480389E-01
 0.1598828E-01
 0.1632829E-01
 0.1538667E-01
 0.1525665E-01
 0.1576060E-01
 0.1728181E-01
 0.1899569E-01
 0.2080840E-01
 0.2368524E-01
 0.2716967E-01
 0.3094830E-01
 0.2974834E-01
 0.2842234E-01
 0.2706443E-01
 0.2532344E-01
 0.2326574E-01
 0.2006871E-01
 0.1706187E-01
 0.1673263E-01
 0.1619907E-01
 0.1461435E-01
 0.1281865E-01
 0.1109521E-01
 0.9168568E-02
 0.7637448E-02
 0.4959300E-02
 0.3184265E-02
 0.3541992E-02
 0.1935392E-02
 0.2093049E-03
 0.0000000E+00
 0.1014016E-03
 0.6907590E-03
 0.1589473E-02
 0.2563431E-02
 0.3166907E-02
 0.4510394E-02
 0.6493311E-02
 0.8217901E-02
 0.9578465E-02
 0.1176050E-01
 0.1459719E-01
 0.1613915E-01
 0.1724509E-01
 0.1857154E-01
 0.2164126E-01
 0.2229613E-01
 0.2462995E-01
 0.2528536E-01
 0.2660029E-01
 0.2748789E-01
 0.2853232E-01
 0.2730449E-01
 0.2449844E-01
 0.2378814E-01
 0.1971844E-01
 0.1712985E-01
 0.1605003E-01
 0.1611439E-01
 0.1588821E-01
 0.1545678E-01
 0.1346106E-01
 0.1379956E-01
 0.1474944E-01
 0.1536115E-01
 0.1657632E-01
 0.1574856E-01
 0.1477004E-01
 0.1557903E-01
 0.1691931E-01
 0.1924908E-01
 0.2130250E-01
 0.2303174E-01
 0.2736162E-01
 0.3084993E-01
 0.3016290E-01
 0.2875851E-01
 0.2760225E-01
 0.2423227E-01
 0.2376346E-01
 0.1953326E-01
 0.1757624E-01
 0.1629955E-01
 0.1609401E-01
 0.1491949E-01
 0.1290716E-01
 0.1105310E-01
 0.8931539E-02
 0.7611552E-02
 0.5172279E-02
 0.3330062E-02
 0.3403474E-02
 0.2014509E-02
 0.2281408E-03
 0.0000000E+00
 0.9100687E-04
 0.6780163E-03
 0.1686392E-02
 0.2580575E-02
 0.3105877E-02
 0.4633381E-02
 0.6653237E-02
 0.8260772E-02
 0.9210368E-02
 0.1190600E-01
 0.1460891E-01
 0.1571414E-01
 0.1771378E-01
 0.1852770E-01
 0.2167239E-01
 0.2246419E-01
 0.2442379E-01
 0.2590079E-01
 0.2534394E-01
 0.2759575E-01
 0.2862394E-01
 0.2806038E-01
 0.2452950E-01
 0.2290325E-01
 0.2081131E-01
 0.1731594E-01
 0.1616805E-01
 0.1579093E-01
 0.1563952E-01
 0.1421574E-01
 0.1407185E-01
 0.1460269E-01
 0.1480393E-01
 0.1484139E-01
 0.1622562E-01
 0.1594016E-01
 0.1483787E-01
 0.1530268E-01
 0.1690169E-01
 0.1905141E-01
 0.2130111E-01
 0.2334195E-01
 0.2730870E-01
 0.3027470E-01
 0.3093973E-01
 0.2933849E-01
 0.2713012E-01
 0.2421275E-01
 0.2342388E-01
 0.1990504E-01
 0.1765849E-01
 0.1600302E-01
 0.1597509E-01
 0.1522820E-01
 0.1290862E-01
 0.1064752E-01
 0.8889602E-02
 0.7604725E-02
 0.5381852E-02
 0.3448517E-02
 0.3374398E-02
 0.2032686E-02
 0.2625465E-03
 0.0000000E+00
 0.6134441E-04
 0.6741714E-03
 0.1773534E-02
 0.2604399E-02
 0.2971310E-02
 0.4775653E-02
 0.6824738E-02
 0.8244259E-02
 0.9093909E-02
 0.1201366E-01
 0.1448429E-01
 0.1562144E-01
 0.1769003E-01
 0.1919787E-01
 0.2105160E-01
 0.2303523E-01
 0.2431596E-01
 0.2539005E-01
 0.2536277E-01
 0.2710798E-01
 0.2934413E-01
 0.2843840E-01
 0.2461931E-01
 0.2195115E-01
 0.2078761E-01
 0.1837277E-01
 0.1654449E-01
 0.1542519E-01
 0.1485204E-01
 0.1349754E-01
 0.1476684E-01
 0.1528067E-01
 0.1469409E-01
 0.1493823E-01
 0.1512974E-01
 0.1592978E-01
 0.1538290E-01
 0.1530026E-01
 0.1662876E-01
 0.1892499E-01
 0.2086003E-01
 0.2403056E-01
 0.2660703E-01
 0.3053440E-01
 0.3133981E-01
 0.3001378E-01
 0.2658806E-01
 0.2418621E-01
 0.2276244E-01
 0.2075347E-01
 0.1750087E-01
 0.1608474E-01
 0.1554282E-01
 0.1558799E-01
 0.1289515E-01
 0.1036449E-01
 0.8844043E-02
 0.7602389E-02
 0.5598488E-02
 0.3565443E-02
 0.3340460E-02
 0.1986753E-02
 0.3080739E-03
 0.0000000E+00
 0.5189902E-04
 0.6536426E-03
 0.1848000E-02
 0.2618477E-02
 0.2956466E-02
 0.4902344E-02
 0.6875896E-02
 0.8128261E-02
 0.9175688E-02
 0.1221611E-01
 0.1393416E-01
 0.1599881E-01
 0.1727334E-01
 0.1976138E-01
 0.2109741E-01
 0.2300551E-01
 0.2473260E-01
 0.2458843E-01
 0.2504817E-01
 0.2732069E-01
 0.2966936E-01
 0.2885853E-01
 0.2473226E-01
 0.2127450E-01
 0.2022171E-01
 0.1928945E-01
 0.1710792E-01
 0.1518363E-01
 0.1338537E-01
 0.1423107E-01
 0.1515378E-01
 0.1535849E-01
 0.1466109E-01
 0.1486853E-01
 0.1477885E-01
 0.1527403E-01
 0.1599728E-01
 0.1556283E-01
 0.1649680E-01
 0.1826970E-01
 0.2082342E-01
 0.2416669E-01
 0.2668297E-01
 0.3050011E-01
 0.3200560E-01
 0.2967122E-01
 0.2662631E-01
 0.2412342E-01
 0.2246830E-01
 0.2122298E-01
 0.1766510E-01
 0.1593174E-01
 0.1547062E-01
 0.1542638E-01
 0.1300413E-01
 0.1022584E-01
 0.8698562E-02
 0.7517898E-02
 0.5842751E-02
 0.3817402E-02
 0.3233762E-02
 0.1949459E-02
 0.3558444E-03
 0.7681259E-05
 0.4204179E-04
 0.5850093E-03
 0.1922782E-02
 0.2626960E-02
 0.3003032E-02
 0.4926630E-02
 0.7044126E-02
 0.8048228E-02
 0.9314199E-02
 0.1215107E-01
 0.1363642E-01
 0.1585782E-01
 0.1751611E-01
 0.1986748E-01
 0.2155384E-01
 0.2285931E-01
 0.2433080E-01
 0.2425739E-01
 0.2514162E-01
 0.2753135E-01
 0.3026121E-01
 0.2919957E-01
 0.2456141E-01
 0.2039938E-01
 0.1992073E-01
 0.1978703E-01
 0.1738568E-01
 0.1498672E-01
 0.1319196E-01
 0.1424344E-01
 0.1553020E-01
 0.1533532E-01
 0.1498664E-01
 0.1446111E-01
 0.1441840E-01
 0.1493431E-01
 0.1612239E-01
 0.1611936E-01
 0.1656197E-01
 0.1764759E-01
 0.2065813E-01
 0.2359815E-01
 0.2715456E-01
 0.3111385E-01
 0.3233222E-01
 0.2931638E-01
 0.2656075E-01
 0.2426971E-01
 0.2198644E-01
 0.2154034E-01
 0.1796513E-01
 0.1591099E-01
 0.1546486E-01
 0.1503848E-01
 0.1304318E-01
 0.1012024E-01
 0.8585239E-02
 0.7576205E-02
 0.5924702E-02
 0.4131312E-02
 0.3203421E-02
 0.1839043E-02
 0.3889796E-03
 0.7681259E-05
 0.1633899E-04
 0.5870848E-03
 0.1909434E-02
 0.2711332E-02
 0.3037378E-02
 0.4978595E-02
 0.7038901E-02
 0.7935611E-02
 0.9732276E-02
 0.1199552E-01
 0.1343207E-01
 0.1561454E-01
 0.1804592E-01
 0.1989545E-01
 0.2139269E-01
 0.2320486E-01
 0.2382861E-01
 0.2390552E-01
 0.2542388E-01
 0.2797620E-01
 0.3016102E-01
 0.2950356E-01
 0.2394632E-01
 0.2086981E-01
 0.1959948E-01
 0.1903791E-01
 0.1757780E-01
 0.1511682E-01
 0.1381645E-01
 0.1458236E-01
 0.1516559E-01
 0.1523054E-01
 0.1510901E-01
 0.1403848E-01
 0.1455215E-01
 0.1472435E-01
 0.1591373E-01
 0.1685467E-01
 0.1635193E-01
 0.1730141E-01
 0.2068589E-01
 0.2290829E-01
 0.2752691E-01
 0.3198166E-01
 0.3211707E-01
 0.2889003E-01
 0.2654549E-01
 0.2451425E-01
 0.2220833E-01
 0.2096407E-01
 0.1831481E-01
 0.1606745E-01
 0.1574815E-01
 0.1439764E-01
 0.1289194E-01
 0.1026835E-01
 0.8530791E-02
 0.7490065E-02
 0.6042375E-02
 0.4463984E-02
 0.3169911E-02
 0.1727653E-02
 0.4221995E-03
 0.7681259E-05
 0.1818270E-04
 0.5147929E-03
 0.1985239E-02
 0.2703154E-02
 0.3104909E-02
 0.4968902E-02
 0.7103136E-02
 0.7911470E-02
 0.1002565E-01
 0.1178828E-01
 0.1362928E-01
 0.1518916E-01
 0.1815576E-01
 0.1996487E-01
 0.2194136E-01
 0.2261884E-01
 0.2370658E-01
 0.2366660E-01
 0.2587032E-01
 0.2830018E-01
 0.3046664E-01
 0.2908716E-01
 0.2395978E-01
 0.2078397E-01
 0.1982122E-01
 0.1802864E-01
 0.1712449E-01
 0.1530680E-01
 0.1502163E-01
 0.1507716E-01
 0.1481475E-01
 0.1493228E-01
 0.1465152E-01
 0.1440134E-01
 0.1428490E-01
 0.1503594E-01
 0.1558803E-01
 0.1682811E-01
 0.1643866E-01
 0.1776646E-01
 0.1969336E-01
 0.2258419E-01
 0.2801999E-01
 0.3265179E-01
 0.3192114E-01
 0.2860262E-01
 0.2637460E-01
 0.2474393E-01
 0.2257201E-01
 0.2077411E-01
 0.1827029E-01
 0.1625410E-01
 0.1573477E-01
 0.1422838E-01
 0.1237309E-01
 0.1049236E-01
 0.8675001E-02
 0.7316354E-02
 0.6224886E-02
 0.4686213E-02
 0.3112848E-02
 0.1631025E-02
 0.4619758E-03
 0.1536252E-04
 0.1818270E-04
 0.4989462E-03
 0.1972666E-02
 0.2763311E-02
 0.3146003E-02
 0.5104764E-02
 0.6942024E-02
 0.7827492E-02
 0.1022343E-01
 0.1189325E-01
 0.1339160E-01
 0.1522736E-01
 0.1807585E-01
 0.2031945E-01
 0.2213405E-01
 0.2203526E-01
 0.2361267E-01
 0.2361147E-01
 0.2660926E-01
 0.2840916E-01
 0.3023613E-01
 0.2878891E-01
 0.2410862E-01
 0.2115786E-01
 0.1907267E-01
 0.1772552E-01
 0.1645350E-01
 0.1576915E-01
 0.1613015E-01
 0.1548852E-01
 0.1462998E-01
 0.1432188E-01
 0.1440263E-01
 0.1489817E-01
 0.1404878E-01
 0.1494910E-01
 0.1579141E-01
 0.1618822E-01
 0.1715340E-01
 0.1775297E-01
 0.1910977E-01
 0.2212787E-01
 0.2897839E-01
 0.3263284E-01
 0.3182822E-01
 0.2836162E-01
 0.2610262E-01
 0.2504488E-01
 0.2297825E-01
 0.2051436E-01
 0.1819782E-01
 0.1652826E-01
 0.1583397E-01
 0.1391201E-01
 0.1191047E-01
 0.1078544E-01
 0.8625040E-02
 0.7181216E-02
 0.6438483E-02
 0.4870818E-02
 0.3072240E-02
 0.1587878E-02
 0.4789993E-03
 0.1536252E-04
 0.9456859E-05
 0.4476535E-03
 0.1887954E-02
 0.2843468E-02
 0.3378042E-02
 0.5067364E-02
 0.6811120E-02
 0.8110743E-02
 0.1003386E-01
 0.1212676E-01
 0.1316463E-01
 0.1534522E-01
 0.1794613E-01
 0.2099015E-01
 0.2167589E-01
 0.2195807E-01
 0.2279153E-01
 0.2414389E-01
 0.2745756E-01
 0.2862836E-01
 0.2954829E-01
 0.2840843E-01
 0.2463823E-01
 0.2128117E-01
 0.1845353E-01
 0.1730560E-01
 0.1600770E-01
 0.1616783E-01
 0.1698366E-01
 0.1596364E-01
 0.1453999E-01
 0.1357863E-01
 0.1444475E-01
 0.1470706E-01
 0.1434793E-01
 0.1492074E-01
 0.1561419E-01
 0.1618980E-01
 0.1730906E-01
 0.1787860E-01
 0.1868565E-01
 0.2226112E-01
 0.2912249E-01
 0.3268076E-01
 0.3140363E-01
 0.2875325E-01
 0.2587781E-01
 0.2477987E-01
 0.2359911E-01
 0.2034198E-01
 0.1781700E-01
 0.1717086E-01
 0.1591223E-01
 0.1350338E-01
 0.1149395E-01
 0.1081075E-01
 0.8945091E-02
 0.6951985E-02
 0.6511515E-02
 0.5264703E-02
 0.3085747E-02
 0.1405197E-02
 0.4811944E-03
 0.3465452E-04
 0.7850154E-05
 0.3976238E-03
 0.1893141E-02
 0.2828058E-02
 0.3493390E-02
 0.5114010E-02
 0.6672730E-02
 0.8199913E-02
 0.1004360E-01
 0.1224074E-01
 0.1312691E-01
 0.1551992E-01
 0.1779258E-01
 0.2121220E-01
 0.2149929E-01
 0.2156491E-01
 0.2237793E-01
 0.2490779E-01
 0.2810507E-01
 0.2867782E-01
 0.2899043E-01
 0.2840318E-01
 0.2481739E-01
 0.2050987E-01
 0.1862285E-01
 0.1694626E-01
 0.1590491E-01
 0.1685175E-01
 0.1686160E-01
 0.1610055E-01
 0.1479693E-01
 0.1376255E-01
 0.1413507E-01
 0.1424211E-01
 0.1490573E-01
 0.1470809E-01
 0.1543097E-01
 0.1636235E-01
 0.1707684E-01
 0.1825077E-01
 0.1837908E-01
 0.2264541E-01
 0.2894950E-01
 0.3266684E-01
 0.3091819E-01
 0.2879627E-01
 0.2617127E-01
 0.2497330E-01
 0.2345953E-01
 0.2065461E-01
 0.1747947E-01
 0.1733642E-01
 0.1603859E-01
 0.1308115E-01
 0.1134987E-01
 0.1087949E-01
 0.9019669E-02
 0.6866625E-02
 0.6655670E-02
 0.5456796E-02
 0.2962112E-02
 0.1396564E-02
 0.4738466E-03
 0.3465452E-04
 0.9806247E-05
 0.3737688E-03
 0.1769047E-02
 0.2952964E-02
 0.3626518E-02
 0.5072391E-02
 0.6625858E-02
 0.8220687E-02
 0.1008040E-01
 0.1224991E-01
 0.1335278E-01
 0.1574476E-01
 0.1803091E-01
 0.2063940E-01
 0.2122298E-01
 0.2149079E-01
 0.2222152E-01
 0.2549994E-01
 0.2844185E-01
 0.2878078E-01
 0.2866408E-01
 0.2809886E-01
 0.2495458E-01
 0.2040913E-01
 0.1836351E-01
 0.1649569E-01
 0.1637637E-01
 0.1716906E-01
 0.1663709E-01
 0.1572961E-01
 0.1492568E-01
 0.1484594E-01
 0.1361389E-01
 0.1380745E-01
 0.1500578E-01
 0.1512725E-01
 0.1508331E-01
 0.1605051E-01
 0.1731204E-01
 0.1801473E-01
 0.1896953E-01
 0.2267783E-01
 0.2915437E-01
 0.3190551E-01
 0.3083577E-01
 0.2852196E-01
 0.2673964E-01
 0.2518313E-01
 0.2313634E-01
 0.2076379E-01
 0.1750726E-01
 0.1731872E-01
 0.1595249E-01
 0.1292496E-01
 0.1130743E-01
 0.1088538E-01
 0.9067545E-02
 0.6983669E-02
 0.6675970E-02
 0.5554276E-02
 0.3054391E-02
 0.1255851E-02
 0.4819577E-03
 0.5120932E-04
 0.9806247E-05
 0.3363378E-03
 0.1697224E-02
 0.3029807E-02
 0.3727937E-02
 0.4911559E-02
 0.6666243E-02
 0.8316049E-02
 0.1015755E-01
 0.1219585E-01
 0.1350374E-01
 0.1603566E-01
 0.1822679E-01
 0.1997516E-01
 0.2104642E-01
 0.2140578E-01
 0.2248593E-01
 0.2583668E-01
 0.2854153E-01
 0.2862430E-01
 0.2920774E-01
 0.2761240E-01
 0.2376479E-01
 0.2139883E-01
 0.1806603E-01
 0.1640604E-01
 0.1697199E-01
 0.1694509E-01
 0.1625357E-01
 0.1528008E-01
 0.1561465E-01
 0.1518540E-01
 0.1365337E-01
 0.1377729E-01
 0.1450990E-01
 0.1551742E-01
 0.1471506E-01
 0.1581262E-01
 0.1755486E-01
 0.1809639E-01
 0.1957810E-01
 0.2257208E-01
 0.2937603E-01
 0.3122159E-01
 0.3043373E-01
 0.2845801E-01
 0.2724312E-01
 0.2545369E-01
 0.2261672E-01
 0.2082018E-01
 0.1806580E-01
 0.1703855E-01
 0.1578264E-01
 0.1278531E-01
 0.1135189E-01
 0.1089083E-01
 0.9005945E-02
 0.7177653E-02
 0.6558080E-02
 0.5683114E-02
 0.3097442E-02
 0.1182888E-02
 0.4820974E-03
 0.5120932E-04
 0.8311927E-05
 0.2824340E-03
 0.1647777E-02
 0.3057792E-02
 0.3879670E-02
 0.4756139E-02
 0.6777247E-02
 0.8266750E-02
 0.1023395E-01
 0.1207511E-01
 0.1374301E-01
 0.1636801E-01
 0.1875118E-01
 0.1917798E-01
 0.2021316E-01
 0.2166600E-01
 0.2360113E-01
 0.2480079E-01
 0.2885102E-01
 0.2957793E-01
 0.2895082E-01
 0.2728572E-01
 0.2309722E-01
 0.2126789E-01
 0.1795200E-01
 0.1667986E-01
 0.1755478E-01
 0.1678018E-01
 0.1571918E-01
 0.1542796E-01
 0.1572325E-01
 0.1500543E-01
 0.1426947E-01
 0.1381770E-01
 0.1424822E-01
 0.1497586E-01
 0.1511292E-01
 0.1623433E-01
 0.1723345E-01
 0.1811550E-01
 0.1947673E-01
 0.2351280E-01
 0.2927188E-01
 0.3004590E-01
 0.3021210E-01
 0.2939647E-01
 0.2662562E-01
 0.2597307E-01
 0.2247118E-01
 0.2051294E-01
 0.1831873E-01
 0.1697153E-01
 0.1561690E-01
 0.1281978E-01
 0.1122659E-01
 0.1116557E-01
 0.8862428E-02
 0.7300407E-02
 0.6498789E-02
 0.5734969E-02
 0.3148437E-02
 0.1166078E-02
 0.4129033E-03
 0.7169359E-04
 0.6468217E-05
 0.2480433E-03
 0.1572583E-02
 0.3121156E-02
 0.3907024E-02
 0.4785702E-02
 0.6709137E-02
 0.8314851E-02
 0.1024072E-01
 0.1218747E-01
 0.1386735E-01
 0.1680790E-01
 0.1902483E-01
 0.1832939E-01
 0.1963802E-01
 0.2196617E-01
 0.2412751E-01
 0.2551583E-01
 0.2780541E-01
 0.2979405E-01
 0.2899302E-01
 0.2662499E-01
 0.2341605E-01
 0.2072823E-01
 0.1845808E-01
 0.1716875E-01
 0.1750758E-01
 0.1613809E-01
 0.1568340E-01
 0.1593980E-01
 0.1534657E-01
 0.1471924E-01
 0.1485846E-01
 0.1444748E-01
 0.1403080E-01
 0.1395087E-01
 0.1549621E-01
 0.1683359E-01
 0.1665481E-01
 0.1807109E-01
 0.2000318E-01
 0.2443433E-01
 0.2919833E-01
 0.2939710E-01
 0.2902883E-01
 0.2891788E-01
 0.2803742E-01
 0.2565617E-01
 0.2275345E-01
 0.2019553E-01
 0.1842178E-01
 0.1708153E-01
 0.1510119E-01
 0.1301022E-01
 0.1143952E-01
 0.1108551E-01
 0.8686271E-02
 0.7387358E-02
 0.6670226E-02
 0.5639140E-02
 0.3213293E-02
 0.1114991E-02
 0.4266165E-03
 0.6401233E-04
 0.6468217E-05
 0.2176823E-03
 0.1522225E-02
 0.3178547E-02
 0.3857015E-02
 0.4800847E-02
 0.6735260E-02
 0.8202815E-02
 0.1023762E-01
 0.1260801E-01
 0.1406326E-01
 0.1699627E-01
 0.1849259E-01
 0.1870059E-01
 0.1905578E-01
 0.2213537E-01
 0.2454095E-01
 0.2489401E-01
 0.2788902E-01
 0.3072186E-01
 0.2876516E-01
 0.2637397E-01
 0.2291219E-01
 0.2007333E-01
 0.1899727E-01
 0.1808350E-01
 0.1688840E-01
 0.1579169E-01
 0.1585644E-01
 0.1610111E-01
 0.1489200E-01
 0.1454707E-01
 0.1527284E-01
 0.1504001E-01
 0.1384396E-01
 0.1328218E-01
 0.1581898E-01
 0.1707316E-01
 0.1685174E-01
 0.1781117E-01
 0.2037435E-01
 0.2491250E-01
 0.2880236E-01
 0.2877520E-01
 0.2890676E-01
 0.2919320E-01
 0.2782794E-01
 0.2558428E-01
 0.2286819E-01
 0.1997256E-01
 0.1905777E-01
 0.1677590E-01
 0.1456631E-01
 0.1315201E-01
 0.1191319E-01
 0.1105997E-01
 0.8603326E-02
 0.7310261E-02
 0.6882841E-02
 0.5524721E-02
 0.3195286E-02
 0.1128601E-02
 0.4167242E-03
 0.6401233E-04
 0.3912188E-05
 0.2144754E-03
 0.1426819E-02
 0.3255830E-02
 0.3704910E-02
 0.4909726E-02
 0.6591291E-02
 0.8432760E-02
 0.1051143E-01
 0.1219230E-01
 0.1446691E-01
 0.1743488E-01
 0.1829290E-01
 0.1788423E-01
 0.1927163E-01
 0.2266148E-01
 0.2405079E-01
 0.2543698E-01
 0.2778781E-01
 0.3036806E-01
 0.2896232E-01
 0.2654877E-01
 0.2229756E-01
 0.2009500E-01
 0.1919353E-01
 0.1835531E-01
 0.1611328E-01
 0.1621271E-01
 0.1619196E-01
 0.1563751E-01
 0.1449668E-01
 0.1507639E-01
 0.1544086E-01
 0.1486668E-01
 0.1380902E-01
 0.1392243E-01
 0.1566800E-01
 0.1650517E-01
 0.1694573E-01
 0.1767736E-01
 0.2118706E-01
 0.2505037E-01
 0.2856118E-01
 0.2912353E-01
 0.2796968E-01
 0.2896910E-01
 0.2823160E-01
 0.2527382E-01
 0.2297501E-01
 0.2091140E-01
 0.1805045E-01
 0.1660895E-01
 0.1448949E-01
 0.1380702E-01
 0.1159948E-01
 0.1109074E-01
 0.8799007E-02
 0.7150288E-02
 0.7088058E-02
 0.5356328E-02
 0.3228196E-02
 0.1090076E-02
 0.4180526E-03
 0.5633108E-04
 0.3912188E-05
 0.2012286E-03
 0.1383843E-02
 0.3186046E-02
 0.3760578E-02
 0.4868770E-02
 0.6562286E-02
 0.8384929E-02
 0.1069649E-01
 0.1246778E-01
 0.1428832E-01
 0.1745244E-01
 0.1822845E-01
 0.1783634E-01
 0.1954832E-01
 0.2273603E-01
 0.2381179E-01
 0.2541763E-01
 0.2803998E-01
 0.3005602E-01
 0.2921112E-01
 0.2636840E-01
 0.2220455E-01
 0.1987319E-01
 0.1917087E-01
 0.1818240E-01
 0.1642499E-01
 0.1667532E-01
 0.1603637E-01
 0.1500263E-01
 0.1460662E-01
 0.1544186E-01
 0.1514034E-01
 0.1439596E-01
 0.1422587E-01
 0.1505681E-01
 0.1527133E-01
 0.1594350E-01
 0.1726297E-01
 0.1841924E-01
 0.2062339E-01
 0.2558241E-01
 0.2863173E-01
 0.2829040E-01
 0.2823268E-01
 0.2896527E-01
 0.2766913E-01
 0.2517115E-01
 0.2326238E-01
 0.2121271E-01
 0.1792795E-01
 0.1647322E-01
 0.1432128E-01
 0.1374465E-01
 0.1189372E-01
 0.1102341E-01
 0.8931492E-02
 0.7039350E-02
 0.7040337E-02
 0.5388363E-02
 0.3122287E-02
 0.1139505E-02
 0.4119603E-03
 0.5633108E-04
 0.3912188E-05
 0.1656503E-03
 0.1379156E-02
 0.3135744E-02
 0.3804403E-02
 0.4884779E-02
 0.6340744E-02
 0.8527763E-02
 0.1104842E-01
 0.1268786E-01
 0.1419304E-01
 0.1695842E-01
 0.1824387E-01
 0.1824510E-01
 0.1983578E-01
 0.2251268E-01
 0.2411974E-01
 0.2518192E-01
 0.2766878E-01
 0.2945090E-01
 0.3020455E-01
 0.2638094E-01
 0.2153653E-01
 0.1982099E-01
 0.1930497E-01
 0.1796603E-01
 0.1700763E-01
 0.1653446E-01
 0.1585887E-01
 0.1454316E-01
 0.1535590E-01
 0.1527769E-01
 0.1469284E-01
 0.1396985E-01
 0.1486185E-01
 0.1616281E-01
 0.1495662E-01
 0.1505064E-01
 0.1725705E-01
 0.1963378E-01
 0.2066362E-01
 0.2513179E-01
 0.2867245E-01
 0.2846940E-01
 0.2827124E-01
 0.2807284E-01
 0.2712346E-01
 0.2518112E-01
 0.2379582E-01
 0.2140535E-01
 0.1796058E-01
 0.1612968E-01
 0.1454269E-01
 0.1365685E-01
 0.1200057E-01
 0.1088735E-01
 0.9207732E-02
 0.7102377E-02
 0.6796669E-02
 0.5523358E-02
 0.2977998E-02
 0.1244971E-02
 0.3721229E-03
 0.4472033E-04
 0.2068477E-05
 0.1706556E-03
 0.1378613E-02
 0.3006009E-02
 0.3713889E-02
 0.4877358E-02
 0.6475079E-02
 0.8416886E-02
 0.1121579E-01
 0.1329531E-01
 0.1400352E-01
 0.1648466E-01
 0.1808218E-01
 0.1884139E-01
 0.2009729E-01
 0.2201794E-01
 0.2391435E-01
 0.2574603E-01
 0.2700582E-01
 0.2961569E-01
 0.3045982E-01
 0.2629904E-01
 0.2175861E-01
 0.1953669E-01
 0.1907339E-01
 0.1794256E-01
 0.1759079E-01
 0.1621048E-01
 0.1544935E-01
 0.1481964E-01
 0.1557323E-01
 0.1490547E-01
 0.1404816E-01
 0.1421787E-01
 0.1560492E-01
 0.1633340E-01
 0.1525705E-01
 0.1458207E-01
 0.1688822E-01
 0.2002865E-01
 0.2155975E-01
 0.2446570E-01
 0.2861050E-01
 0.2854723E-01
 0.2825291E-01
 0.2815318E-01
 0.2672096E-01
 0.2493851E-01
 0.2395198E-01
 0.2138819E-01
 0.1793133E-01
 0.1581541E-01
 0.1498591E-01
 0.1319668E-01
 0.1261550E-01
 0.1081197E-01
 0.8992873E-02
 0.7365735E-02
 0.6739212E-02
 0.5427740E-02
 0.2803753E-02
 0.1377959E-02
 0.3706561E-03
 0.3703907E-04
 0.2068477E-05
 0.1612523E-03
 0.1389766E-02
 0.2910290E-02
 0.3621026E-02
 0.4865676E-02
 0.6342970E-02
 0.8623058E-02
 0.1142136E-01
 0.1350400E-01
 0.1429073E-01
 0.1601539E-01
 0.1797743E-01
 0.1869237E-01
 0.2049594E-01
 0.2211275E-01
 0.2364662E-01
 0.2637281E-01
 0.2637595E-01
 0.2980464E-01
 0.3065337E-01
 0.2604568E-01
 0.2139132E-01
 0.1948085E-01
 0.1874955E-01
 0.1817979E-01
 0.1792537E-01
 0.1599858E-01
 0.1519185E-01
 0.1571934E-01
 0.1500263E-01
 0.1440717E-01
 0.1398685E-01
 0.1481409E-01
 0.1600005E-01
 0.1573222E-01
 0.1574784E-01
 0.1526027E-01
 0.1675677E-01
 0.1930336E-01
 0.2270507E-01
 0.2389880E-01
 0.2816574E-01
 0.2852659E-01
 0.2858354E-01
 0.2763325E-01
 0.2654316E-01
 0.2502046E-01
 0.2406200E-01
 0.2156958E-01
 0.1746336E-01
 0.1583176E-01
 0.1509952E-01
 0.1346728E-01
 0.1261262E-01
 0.1066549E-01
 0.9345310E-02
 0.7220848E-02
 0.6817203E-02
 0.5253916E-02
 0.2700325E-02
 0.1416590E-02
 0.3880392E-03
 0.3710888E-04
 0.2068477E-05
 0.1553136E-03
 0.1475818E-02
 0.2672857E-02
 0.3576462E-02
 0.4869607E-02
 0.6219207E-02
 0.8885221E-02
 0.1150803E-01
 0.1378828E-01
 0.1431786E-01
 0.1564838E-01
 0.1744071E-01
 0.1951872E-01
 0.2077373E-01
 0.2186840E-01
 0.2361026E-01
 0.2642479E-01
 0.2664071E-01
 0.2916237E-01
 0.3067074E-01
 0.2648693E-01
 0.2076752E-01
 0.1952503E-01
 0.1876081E-01
 0.1840649E-01
 0.1766205E-01
 0.1610079E-01
 0.1520065E-01
 0.1588958E-01
 0.1469773E-01
 0.1388635E-01
 0.1419114E-01
 0.1562490E-01
 0.1583441E-01
 0.1533167E-01
 0.1599904E-01
 0.1640976E-01
 0.1658171E-01
 0.1870701E-01
 0.2309125E-01
 0.2401097E-01
 0.2760009E-01
 0.2900817E-01
 0.2823268E-01
 0.2723121E-01
 0.2707242E-01
 0.2459917E-01
 0.2347015E-01
 0.2143637E-01
 0.1826699E-01
 0.1555219E-01
 0.1517404E-01
 0.1365303E-01
 0.1260341E-01
 0.1047656E-01
 0.9545708E-02
 0.7431170E-02
 0.6634248E-02
 0.5134606E-02
 0.2549594E-02
 0.1515529E-02
 0.3808020E-03
 0.3710888E-04
 0.2247673E-06
 0.1321983E-03
 0.1378984E-02
 0.2827893E-02
 0.3487213E-02
 0.4679658E-02
 0.6337734E-02
 0.9062490E-02
 0.1142878E-01
 0.1374970E-01
 0.1477222E-01
 0.1520040E-01
 0.1756514E-01
 0.1954148E-01
 0.2050940E-01
 0.2221223E-01
 0.2401109E-01
 0.2585779E-01
 0.2724681E-01
 0.2895814E-01
 0.3026807E-01
 0.2655140E-01
 0.2094198E-01
 0.1906589E-01
 0.1919264E-01
 0.1844705E-01
 0.1693796E-01
 0.1623390E-01
 0.1583597E-01
 0.1550777E-01
 0.1411451E-01
 0.1402006E-01
 0.1491690E-01
 0.1540865E-01
 0.1578478E-01
 0.1558486E-01
 0.1575188E-01
 0.1714994E-01
 0.1676002E-01
 0.1886006E-01
 0.2209580E-01
 0.2458658E-01
 0.2723959E-01
 0.2939846E-01
 0.2780651E-01
 0.2740582E-01
 0.2701124E-01
 0.2461135E-01
 0.2288558E-01
 0.2112236E-01
 0.1843342E-01
 0.1607060E-01
 0.1509282E-01
 0.1403318E-01
 0.1225509E-01
 0.1048147E-01
 0.9603512E-02
 0.7675908E-02
 0.6428095E-02
 0.4735390E-02
 0.2794895E-02
 0.1525206E-02
 0.3960752E-03
 0.1781687E-04
 0.2247673E-06
 0.1393851E-03
 0.1399224E-02
 0.2651617E-02
 0.3468877E-02
 0.4570516E-02
 0.6366558E-02
 0.9122398E-02
 0.1152345E-01
 0.1384381E-01
 0.1518219E-01
 0.1508334E-01
 0.1704151E-01
 0.1977384E-01
 0.2027437E-01
 0.2258413E-01
 0.2438717E-01
 0.2556463E-01
 0.2763309E-01
 0.2898635E-01
 0.2959407E-01
 0.2571119E-01
 0.2149375E-01
 0.1907793E-01
 0.1922296E-01
 0.1841880E-01
 0.1686162E-01
 0.1666142E-01
 0.1620641E-01
 0.1420934E-01
 0.1444111E-01
 0.1422511E-01
 0.1533851E-01
 0.1556534E-01
 0.1525835E-01
 0.1575231E-01
 0.1608615E-01
 0.1741181E-01
 0.1754170E-01
 0.1956594E-01
 0.2102883E-01
 0.2419296E-01
 0.2676068E-01
 0.2993655E-01
 0.2764951E-01
 0.2725260E-01
 0.2686311E-01
 0.2504760E-01
 0.2220743E-01
 0.2056314E-01
 0.1868408E-01
 0.1649412E-01
 0.1523211E-01
 0.1413073E-01
 0.1212709E-01
 0.1052211E-01
 0.9570804E-02
 0.7980722E-02
 0.6389705E-02
 0.4372658E-02
 0.2767403E-02
 0.1596395E-02
 0.3719126E-03
 0.1781687E-04
 0.1123836E-06
 0.1534730E-03
 0.1330522E-02
 0.2581618E-02
 0.3439765E-02
 0.4460644E-02
 0.6501333E-02
 0.9308453E-02
 0.1142266E-01
 0.1390179E-01
 0.1509993E-01
 0.1555604E-01
 0.1659553E-01
 0.1955171E-01
 0.2047781E-01
 0.2282210E-01
 0.2455210E-01
 0.2550907E-01
 0.2818423E-01
 0.2910175E-01
 0.2838796E-01
 0.2540856E-01
 0.2184765E-01
 0.1944716E-01
 0.1922251E-01
 0.1761379E-01
 0.1739118E-01
 0.1662697E-01
 0.1586483E-01
 0.1409905E-01
 0.1459686E-01
 0.1479285E-01
 0.1514346E-01
 0.1557868E-01
 0.1536407E-01
 0.1599274E-01
 0.1636099E-01
 0.1732574E-01
 0.1810984E-01
 0.1996517E-01
 0.2055226E-01
 0.2299840E-01
 0.2733083E-01
 0.2970435E-01
 0.2763786E-01
 0.2753276E-01
 0.2699746E-01
 0.2496996E-01
 0.2132802E-01
 0.2039582E-01
 0.1887988E-01
 0.1676832E-01
 0.1589033E-01
 0.1384415E-01
 0.1184717E-01
 0.1049955E-01
 0.9725595E-02
 0.8139671E-02
 0.6390855E-02
 0.4106345E-02
 0.2808732E-02
 0.1581450E-02
 0.3712091E-03
 0.8873533E-05
 0.1123836E-06
 0.2302713E-03
 0.1197969E-02
 0.2549216E-02
 0.3396843E-02
 0.4442572E-02
 0.6617043E-02
 0.9212285E-02
 0.1145429E-01
 0.1405091E-01
 0.1521723E-01
 0.1534677E-01
 0.1687372E-01
 0.1925560E-01
 0.2005612E-01
 0.2369636E-01
 0.2416181E-01
 0.2615889E-01
 0.2821553E-01
 0.2890792E-01
 0.2790610E-01
 0.2477081E-01
 0.2233840E-01
 0.2013686E-01
 0.1870370E-01
 0.1695979E-01
 0.1812862E-01
 0.1646701E-01
 0.1539250E-01
 0.1420980E-01
 0.1442179E-01
 0.1544835E-01
 0.1523305E-01
 0.1536844E-01
 0.1502914E-01
 0.1625702E-01
 0.1685183E-01
 0.1752340E-01
 0.1833634E-01
 0.2034597E-01
 0.2026312E-01
 0.2231673E-01
 0.2725585E-01
 0.2943464E-01
 0.2834216E-01
 0.2738132E-01
 0.2714238E-01
 0.2428577E-01
 0.2143119E-01
 0.1978573E-01
 0.1892181E-01
 0.1756343E-01
 0.1599742E-01
 0.1355086E-01
 0.1183799E-01
 0.1067959E-01
 0.9805870E-02
 0.8170825E-02
 0.6202915E-02
 0.3929900E-02
 0.2914647E-02
 0.1479895E-02
 0.4273201E-03
 0.8873533E-05
 0.0000000E+00
 0.3003141E-03
 0.1181260E-02
 0.2436362E-02
 0.3296256E-02
 0.4404091E-02
 0.6735141E-02
 0.9049618E-02
 0.1115184E-01
 0.1418384E-01
 0.1553009E-01
 0.1578877E-01
 0.1670869E-01
 0.1853825E-01
 0.2043746E-01
 0.2354573E-01
 0.2476342E-01
 0.2680824E-01
 0.2800629E-01
 0.2852076E-01
 0.2790685E-01
 0.2440108E-01
 0.2219467E-01
 0.2022213E-01
 0.1827459E-01
 0.1727266E-01
 0.1819389E-01
 0.1573265E-01
 0.1503875E-01
 0.1486476E-01
 0.1480841E-01
 0.1555233E-01
 0.1543623E-01
 0.1543057E-01
 0.1543748E-01
 0.1610708E-01
 0.1684902E-01
 0.1785043E-01
 0.1911439E-01
 0.2028760E-01
 0.1937619E-01
 0.2193776E-01
 0.2668667E-01
 0.2917973E-01
 0.2955252E-01
 0.2711795E-01
 0.2698246E-01
 0.2402159E-01
 0.2158782E-01
 0.1953786E-01
 0.1873345E-01
 0.1782348E-01
 0.1649486E-01
 0.1368469E-01
 0.1168940E-01
 0.1047090E-01
 0.9909236E-02
 0.8274478E-02
 0.5920476E-02
 0.3766029E-02
 0.2835471E-02
 0.1534812E-02
 0.5208004E-03
 0.0000000E+00
 0.0000000E+00
 0.3199806E-03
 0.1140417E-02
 0.2415600E-02
 0.3222666E-02
 0.4486409E-02
 0.6773588E-02
 0.8848964E-02
 0.1115941E-01
 0.1417531E-01
 0.1551279E-01
 0.1589216E-01
 0.1656333E-01
 0.1854588E-01
 0.2088054E-01
 0.2316223E-01
 0.2506910E-01
 0.2721172E-01
 0.2799513E-01
 0.2833969E-01
 0.2777945E-01
 0.2455979E-01
 0.2168609E-01
 0.2001267E-01
 0.1870253E-01
 0.1756136E-01
 0.1698356E-01
 0.1556878E-01
 0.1536347E-01
 0.1524192E-01
 0.1535864E-01
 0.1506632E-01
 0.1558655E-01
 0.1536283E-01
 0.1592911E-01
 0.1642156E-01
 0.1685544E-01
 0.1788628E-01
 0.1969815E-01
 0.1978706E-01
 0.1974990E-01
 0.2116374E-01
 0.2618924E-01
 0.2918511E-01
 0.2986080E-01
 0.2777344E-01
 0.2652130E-01
 0.2344944E-01
 0.2178866E-01
 0.1923537E-01
 0.1899438E-01
 0.1814546E-01
 0.1644041E-01
 0.1371816E-01
 0.1144001E-01
 0.1059818E-01
 0.1006582E-01
 0.8183246E-02
 0.5776355E-02
 0.3630050E-02
 0.2878964E-02
 0.1572614E-02
 0.5134594E-03
 0.0000000E+00
 0.0000000E+00
 0.3283538E-03
 0.1095544E-02
 0.2403564E-02
 0.3078820E-02
 0.4679264E-02
 0.6827223E-02
 0.8758648E-02
 0.1119477E-01
 0.1398350E-01
 0.1531855E-01
 0.1639811E-01
 0.1658413E-01
 0.1852254E-01
 0.2069349E-01
 0.2349423E-01
 0.2497608E-01
 0.2748312E-01
 0.2772341E-01
 0.2847326E-01
 0.2756220E-01
 0.2438763E-01
 0.2220714E-01
 0.1945491E-01
 0.1884204E-01
 0.1721964E-01
 0.1641289E-01
 0.1582170E-01
 0.1564909E-01
 0.1557450E-01
 0.1511433E-01
 0.1538453E-01
 0.1556475E-01
 0.1512399E-01
 0.1629363E-01
 0.1668102E-01
 0.1683845E-01
 0.1880892E-01
 0.1948270E-01
 0.1938162E-01
 0.1959509E-01
 0.2148050E-01
 0.2526218E-01
 0.2912707E-01
 0.3003381E-01
 0.2846111E-01
 0.2611688E-01
 0.2288494E-01
 0.2168650E-01
 0.1920105E-01
 0.1940516E-01
 0.1802543E-01
 0.1686456E-01
 0.1357299E-01
 0.1109790E-01
 0.1077362E-01
 0.1014561E-01
 0.8259214E-02
 0.5664294E-02
 0.3580174E-02
 0.2852593E-02
 0.1601800E-02
 0.4858486E-03
 0.0000000E+00
 0.0000000E+00
 0.3563140E-03
 0.1067029E-02
 0.2376859E-02
 0.2986560E-02
 0.4955588E-02
 0.6584016E-02
 0.8760097E-02
 0.1085490E-01
 0.1411615E-01
 0.1516864E-01
 0.1645981E-01
 0.1676428E-01
 0.1856941E-01
 0.2046550E-01
 0.2414054E-01
 0.2513423E-01
 0.2703412E-01
 0.2797544E-01
 0.2830742E-01
 0.2769911E-01
 0.2497079E-01
 0.2176094E-01
 0.1910128E-01
 0.1893921E-01
 0.1670911E-01
 0.1578140E-01
 0.1589765E-01
 0.1588621E-01
 0.1577245E-01
 0.1535691E-01
 0.1578968E-01
 0.1573761E-01
 0.1537412E-01
 0.1634426E-01
 0.1708102E-01
 0.1686803E-01
 0.1880053E-01
 0.1916762E-01
 0.1958429E-01
 0.1894121E-01
 0.2181539E-01
 0.2488060E-01
 0.2907564E-01
 0.3001713E-01
 0.2866234E-01
 0.2584788E-01
 0.2282524E-01
 0.2168009E-01
 0.1935790E-01
 0.1959673E-01
 0.1785487E-01
 0.1684424E-01
 0.1351053E-01
 0.1164131E-01
 0.1045296E-01
 0.1013927E-01
 0.8025035E-02
 0.5575087E-02
 0.3578189E-02
 0.2876896E-02
 0.1633115E-02
 0.4698354E-03
 0.0000000E+00
 0.0000000E+00
 0.3680344E-03
 0.1052003E-02
 0.2294778E-02
 0.3007378E-02
 0.5217236E-02
 0.6278597E-02
 0.8788814E-02
 0.1098065E-01
 0.1363261E-01
 0.1512430E-01
 0.1637325E-01
 0.1720711E-01
 0.1854932E-01
 0.2059011E-01
 0.2455127E-01
 0.2510535E-01
 0.2659626E-01
 0.2830726E-01
 0.2830965E-01
 0.2740139E-01
 0.2597214E-01
 0.2099349E-01
 0.1964938E-01
 0.1774214E-01
 0.1648153E-01
 0.1583112E-01
 0.1586231E-01
 0.1576531E-01
 0.1595756E-01
 0.1595827E-01
 0.1576191E-01
 0.1570399E-01
 0.1600971E-01
 0.1641277E-01
 0.1693469E-01
 0.1708224E-01
 0.1899785E-01
 0.1923266E-01
 0.1871226E-01
 0.1962778E-01
 0.2124287E-01
 0.2500532E-01
 0.2859274E-01
 0.3042070E-01
 0.2840496E-01
 0.2559987E-01
 0.2296277E-01
 0.2170422E-01
 0.1984837E-01
 0.1959153E-01
 0.1772440E-01
 0.1666636E-01
 0.1360516E-01
 0.1153486E-01
 0.1070275E-01
 0.1014342E-01
 0.7674530E-02
 0.5557447E-02
 0.3645681E-02
 0.2841002E-02
 0.1629685E-02
 0.4775004E-03
 0.0000000E+00
 0.0000000E+00
 0.3670887E-03
 0.1071405E-02
 0.2184065E-02
 0.3197410E-02
 0.5119241E-02
 0.6188722E-02
 0.8928757E-02
 0.1093574E-01
 0.1318340E-01
 0.1494065E-01
 0.1620405E-01
 0.1785842E-01
 0.1862662E-01
 0.2071243E-01
 0.2496644E-01
 0.2452527E-01
 0.2675548E-01
 0.2790169E-01
 0.2873326E-01
 0.2780866E-01
 0.2523621E-01
 0.2193584E-01
 0.1911937E-01
 0.1724929E-01
 0.1601655E-01
 0.1574728E-01
 0.1590280E-01
 0.1615449E-01
 0.1576402E-01
 0.1641367E-01
 0.1598343E-01
 0.1598938E-01
 0.1645335E-01
 0.1625442E-01
 0.1670867E-01
 0.1813091E-01
 0.1867456E-01
 0.1879293E-01
 0.1830820E-01
 0.2002080E-01
 0.2143484E-01
 0.2458040E-01
 0.2855199E-01
 0.3057972E-01
 0.2780243E-01
 0.2547907E-01
 0.2306196E-01
 0.2194188E-01
 0.2002165E-01
 0.1963395E-01
 0.1774915E-01
 0.1638391E-01
 0.1360156E-01
 0.1167694E-01
 0.1078431E-01
 0.9977397E-02
 0.7708636E-02
 0.5289395E-02
 0.3789199E-02
 0.2761366E-02
 0.1668862E-02
 0.4570325E-03
 0.0000000E+00
 0.0000000E+00
 0.3844739E-03
 0.1091005E-02
 0.2097424E-02
 0.3236957E-02
 0.5145067E-02
 0.6177848E-02
 0.8962075E-02
 0.1092926E-01
 0.1270077E-01
 0.1453780E-01
 0.1640402E-01
 0.1839165E-01
 0.1872065E-01
 0.2130029E-01
 0.2471046E-01
 0.2420204E-01
 0.2688217E-01
 0.2718758E-01
 0.2916364E-01
 0.2882566E-01
 0.2463325E-01
 0.2214403E-01
 0.1898812E-01
 0.1618932E-01
 0.1627487E-01
 0.1549944E-01
 0.1560999E-01
 0.1661510E-01
 0.1634648E-01
 0.1624441E-01
 0.1621629E-01
 0.1609609E-01
 0.1671653E-01
 0.1638949E-01
 0.1698876E-01
 0.1854730E-01
 0.1827797E-01
 0.1837887E-01
 0.1802162E-01
 0.2064634E-01
 0.2115046E-01
 0.2429007E-01
 0.2884085E-01
 0.3047882E-01
 0.2726054E-01
 0.2530953E-01
 0.2297986E-01
 0.2211861E-01
 0.2064858E-01
 0.1935047E-01
 0.1777544E-01
 0.1648775E-01
 0.1358980E-01
 0.1155087E-01
 0.1119391E-01
 0.9591796E-02
 0.7461788E-02
 0.5430282E-02
 0.3732100E-02
 0.2744807E-02
 0.1675738E-02
 0.4634087E-03
 0.0000000E+00
 0.0000000E+00
 0.3909065E-03
 0.1043197E-02
 0.2140700E-02
 0.3344192E-02
 0.4989931E-02
 0.6202471E-02
 0.9183635E-02
 0.1069645E-01
 0.1236800E-01
 0.1428922E-01
 0.1621967E-01
 0.1844299E-01
 0.1976332E-01
 0.2135496E-01
 0.2395716E-01
 0.2504241E-01
 0.2637540E-01
 0.2701624E-01
 0.2945934E-01
 0.2905755E-01
 0.2470555E-01
 0.2199412E-01
 0.1864985E-01
 0.1629589E-01
 0.1568350E-01
 0.1573820E-01
 0.1534356E-01
 0.1625519E-01
 0.1715624E-01
 0.1645483E-01
 0.1632402E-01
 0.1627268E-01
 0.1681851E-01
 0.1689839E-01
 0.1707594E-01
 0.1801139E-01
 0.1871046E-01
 0.1764868E-01
 0.1874185E-01
 0.2012161E-01
 0.2140548E-01
 0.2416907E-01
 0.2882180E-01
 0.3038625E-01
 0.2685789E-01
 0.2456221E-01
 0.2376063E-01
 0.2242542E-01
 0.2054101E-01
 0.1959068E-01
 0.1771149E-01
 0.1623826E-01
 0.1351465E-01
 0.1176498E-01
 0.1114050E-01
 0.9562285E-02
 0.7190007E-02
 0.5451947E-02
 0.3779066E-02
 0.2831689E-02
 0.1591563E-02
 0.4655136E-03
 0.0000000E+00
 0.5173807E-05
 0.3973391E-03
 0.1023566E-02
 0.2195485E-02
 0.3426818E-02
 0.4753570E-02
 0.6476972E-02
 0.9063983E-02
 0.1077105E-01
 0.1143967E-01
 0.1474201E-01
 0.1580262E-01
 0.1832787E-01
 0.2049708E-01
 0.2200945E-01
 0.2341477E-01
 0.2559827E-01
 0.2553904E-01
 0.2713447E-01
 0.3030324E-01
 0.2874674E-01
 0.2423963E-01
 0.2174416E-01
 0.1879140E-01
 0.1610776E-01
 0.1615784E-01
 0.1514848E-01
 0.1568784E-01
 0.1593925E-01
 0.1722360E-01
 0.1696939E-01
 0.1627445E-01
 0.1685131E-01
 0.1664765E-01
 0.1722644E-01
 0.1726645E-01
 0.1800566E-01
 0.1775998E-01
 0.1806221E-01
 0.1908188E-01
 0.1984436E-01
 0.2174883E-01
 0.2415998E-01
 0.2819207E-01
 0.3071234E-01
 0.2635565E-01
 0.2398284E-01
 0.2409888E-01
 0.2262964E-01
 0.2111140E-01
 0.1958168E-01
 0.1769119E-01
 0.1573420E-01
 0.1400038E-01
 0.1139864E-01
 0.1146825E-01
 0.9211184E-02
 0.7065650E-02
 0.5502731E-02
 0.3719018E-02
 0.2907377E-02
 0.1565098E-02
 0.4646740E-03
 0.0000000E+00
 0.1034761E-04
 0.4008504E-03
 0.1046203E-02
 0.2117870E-02
 0.3617586E-02
 0.4572979E-02
 0.6534322E-02
 0.9235310E-02
 0.1029591E-01
 0.1144116E-01
 0.1419306E-01
 0.1605830E-01
 0.1830899E-01
 0.2096347E-01
 0.2197566E-01
 0.2360242E-01
 0.2504640E-01
 0.2604390E-01
 0.2779648E-01
 0.3012948E-01
 0.2852577E-01
 0.2386832E-01
 0.2136524E-01
 0.1866410E-01
 0.1684087E-01
 0.1555255E-01
 0.1534001E-01
 0.1548066E-01
 0.1632840E-01
 0.1682648E-01
 0.1718576E-01
 0.1695848E-01
 0.1711719E-01
 0.1660759E-01
 0.1714439E-01
 0.1784041E-01
 0.1765568E-01
 0.1734272E-01
 0.1782972E-01
 0.1994854E-01
 0.1965786E-01
 0.2154166E-01
 0.2432904E-01
 0.2791350E-01
 0.2991433E-01
 0.2650900E-01
 0.2450989E-01
 0.2361743E-01
 0.2297859E-01
 0.2125341E-01
 0.1949475E-01
 0.1771656E-01
 0.1599745E-01
 0.1348211E-01
 0.1195601E-01
 0.1093940E-01
 0.9354783E-02
 0.6752356E-02
 0.5551367E-02
 0.3968713E-02
 0.2667246E-02
 0.1597053E-02
 0.4844952E-03
 0.0000000E+00
 0.1034761E-04
 0.4110221E-03
 0.1058891E-02
 0.2179251E-02
 0.3502020E-02
 0.4679034E-02
 0.6770249E-02
 0.8981856E-02
 0.1024461E-01
 0.1089209E-01
 0.1432653E-01
 0.1593866E-01
 0.1817307E-01
 0.2118418E-01
 0.2248699E-01
 0.2349380E-01
 0.2477554E-01
 0.2652134E-01
 0.2842177E-01
 0.2989255E-01
 0.2811822E-01
 0.2370257E-01
 0.2074692E-01
 0.1878321E-01
 0.1682416E-01
 0.1579165E-01
 0.1578958E-01
 0.1530360E-01
 0.1624053E-01
 0.1695643E-01
 0.1728221E-01
 0.1725004E-01
 0.1665590E-01
 0.1708058E-01
 0.1750345E-01
 0.1806682E-01
 0.1700977E-01
 0.1704796E-01
 0.1861839E-01
 0.1945983E-01
 0.2006008E-01
 0.2131142E-01
 0.2440867E-01
 0.2768055E-01
 0.2940542E-01
 0.2665492E-01
 0.2456135E-01
 0.2339074E-01
 0.2296410E-01
 0.2160533E-01
 0.1973126E-01
 0.1779662E-01
 0.1574102E-01
 0.1348580E-01
 0.1205162E-01
 0.1082731E-01
 0.9011148E-02
 0.6691726E-02
 0.5814888E-02
 0.3893344E-02
 0.2655359E-02
 0.1579253E-02
 0.5030340E-03
 0.0000000E+00
 0.1034761E-04
 0.4041216E-03
 0.1092775E-02
 0.2266701E-02
 0.3488717E-02
 0.4503027E-02
 0.6888943E-02
 0.9354535E-02
 0.9542640E-02
 0.1072870E-01
 0.1439080E-01
 0.1566353E-01
 0.1843339E-01
 0.2097616E-01
 0.2274646E-01
 0.2366012E-01
 0.2446382E-01
 0.2710077E-01
 0.2900920E-01
 0.2951193E-01
 0.2764507E-01
 0.2347900E-01
 0.1997217E-01
 0.1876483E-01
 0.1783970E-01
 0.1584897E-01
 0.1579573E-01
 0.1573653E-01
 0.1599908E-01
 0.1704469E-01
 0.1688952E-01
 0.1764093E-01
 0.1695681E-01
 0.1700647E-01
 0.1776022E-01
 0.1799105E-01
 0.1682845E-01
 0.1702558E-01
 0.1896129E-01
 0.1927894E-01
 0.2029721E-01
 0.2158142E-01
 0.2415944E-01
 0.2755086E-01
 0.2883254E-01
 0.2654767E-01
 0.2491395E-01
 0.2301826E-01
 0.2326772E-01
 0.2137039E-01
 0.1985101E-01
 0.1821597E-01
 0.1562080E-01
 0.1341680E-01
 0.1214744E-01
 0.1029170E-01
 0.9025195E-02
 0.6970817E-02
 0.5595846E-02
 0.3919646E-02
 0.2569748E-02
 0.1634435E-02
 0.5000786E-03
 0.0000000E+00
 0.1034761E-04
 0.3102617E-03
 0.1171630E-02
 0.2399233E-02
 0.3479441E-02
 0.4521654E-02
 0.6933959E-02
 0.9092404E-02
 0.9369603E-02
 0.1070556E-01
 0.1429164E-01
 0.1564384E-01
 0.1799905E-01
 0.2114442E-01
 0.2291785E-01
 0.2322241E-01
 0.2494946E-01
 0.2793074E-01
 0.2983429E-01
 0.2889714E-01
 0.2695828E-01
 0.2318864E-01
 0.1947199E-01
 0.1859899E-01
 0.1809442E-01
 0.1639463E-01
 0.1600259E-01
 0.1635607E-01
 0.1607237E-01
 0.1652695E-01
 0.1695729E-01
 0.1738880E-01
 0.1735801E-01
 0.1731259E-01
 0.1777386E-01
 0.1754167E-01
 0.1686679E-01
 0.1762342E-01
 0.1875838E-01
 0.1910286E-01
 0.2032829E-01
 0.2218533E-01
 0.2375727E-01
 0.2696670E-01
 0.2834190E-01
 0.2723895E-01
 0.2489482E-01
 0.2316256E-01
 0.2297892E-01
 0.2126695E-01
 0.2010275E-01
 0.1845100E-01
 0.1574089E-01
 0.1302881E-01
 0.1216594E-01
 0.1027479E-01
 0.8575069E-02
 0.7130595E-02
 0.5576116E-02
 0.4011103E-02
 0.2531014E-02
 0.1733201E-02
 0.3811374E-03
 0.2944557E-05
 0.1034761E-04
 0.2933470E-03
 0.1194336E-02
 0.2481957E-02
 0.3336206E-02
 0.4560223E-02
 0.6992740E-02
 0.9223995E-02
 0.9032765E-02
 0.1070121E-01
 0.1396144E-01
 0.1612873E-01
 0.1764911E-01
 0.2115910E-01
 0.2228023E-01
 0.2328078E-01
 0.2564757E-01
 0.2863255E-01
 0.2981556E-01
 0.2892987E-01
 0.2662837E-01
 0.2248944E-01
 0.1901197E-01
 0.1844983E-01
 0.1826540E-01
 0.1731799E-01
 0.1629591E-01
 0.1661130E-01
 0.1675220E-01
 0.1575460E-01
 0.1685450E-01
 0.1697739E-01
 0.1773454E-01
 0.1754919E-01
 0.1735286E-01
 0.1726191E-01
 0.1753380E-01
 0.1791435E-01
 0.1849614E-01
 0.1932178E-01
 0.2020545E-01
 0.2244782E-01
 0.2353253E-01
 0.2653549E-01
 0.2830652E-01
 0.2766727E-01
 0.2431956E-01
 0.2338598E-01
 0.2286489E-01
 0.2108286E-01
 0.2002330E-01
 0.1889590E-01
 0.1600582E-01
 0.1288158E-01
 0.1181569E-01
 0.1017687E-01
 0.8457317E-02
 0.7396008E-02
 0.5579519E-02
 0.3903013E-02
 0.2503545E-02
 0.1775241E-02
 0.3499814E-03
 0.2944557E-05
 0.1034761E-04
 0.2706709E-03
 0.1248579E-02
 0.2575098E-02
 0.3323221E-02
 0.4710783E-02
 0.6925036E-02
 0.8979009E-02
 0.8845838E-02
 0.1078214E-01
 0.1373857E-01
 0.1616580E-01
 0.1762583E-01
 0.2101758E-01
 0.2157544E-01
 0.2340505E-01
 0.2652221E-01
 0.2927542E-01
 0.2978217E-01
 0.2915590E-01
 0.2562158E-01
 0.2187522E-01
 0.1908180E-01
 0.1873800E-01
 0.1788237E-01
 0.1769317E-01
 0.1710801E-01
 0.1729173E-01
 0.1679079E-01
 0.1544086E-01
 0.1665250E-01
 0.1681922E-01
 0.1774813E-01
 0.1787338E-01
 0.1677024E-01
 0.1725657E-01
 0.1822551E-01
 0.1827691E-01
 0.1808491E-01
 0.1906119E-01
 0.2059831E-01
 0.2248156E-01
 0.2385340E-01
 0.2550852E-01
 0.2856120E-01
 0.2770464E-01
 0.2432325E-01
 0.2345404E-01
 0.2265821E-01
 0.2102224E-01
 0.1988328E-01
 0.1931447E-01
 0.1598391E-01
 0.1292365E-01
 0.1150418E-01
 0.1013177E-01
 0.8279843E-02
 0.7449077E-02
 0.5654985E-02
 0.3810059E-02
 0.2499755E-02
 0.1827025E-02
 0.3434878E-03
 0.2944557E-05
 0.1034761E-04
 0.2482730E-03
 0.1336426E-02
 0.2612422E-02
 0.3292916E-02
 0.4776940E-02
 0.6892125E-02
 0.8856445E-02
 0.8771507E-02
 0.1101016E-01
 0.1330188E-01
 0.1583382E-01
 0.1849355E-01
 0.2026779E-01
 0.2076415E-01
 0.2344504E-01
 0.2770221E-01
 0.2962005E-01
 0.2952109E-01
 0.2952784E-01
 0.2516706E-01
 0.2109597E-01
 0.1952290E-01
 0.1822656E-01
 0.1808625E-01
 0.1786880E-01
 0.1819358E-01
 0.1759978E-01
 0.1648973E-01
 0.1588824E-01
 0.1595347E-01
 0.1704997E-01
 0.1751228E-01
 0.1761455E-01
 0.1690045E-01
 0.1719882E-01
 0.1837368E-01
 0.1889813E-01
 0.1779556E-01
 0.1904265E-01
 0.2051972E-01
 0.2240912E-01
 0.2408973E-01
 0.2543487E-01
 0.2905991E-01
 0.2682201E-01
 0.2454623E-01
 0.2353628E-01
 0.2247866E-01
 0.2090198E-01
 0.1973240E-01
 0.1946547E-01
 0.1619120E-01
 0.1293549E-01
 0.1108577E-01
 0.1012007E-01
 0.8287871E-02
 0.7433481E-02
 0.5820639E-02
 0.3657620E-02
 0.2460866E-02
 0.1923005E-02
 0.3189342E-03
 0.5889114E-05
 0.5173807E-05
 0.2368898E-03
 0.1295830E-02
 0.2784099E-02
 0.3306525E-02
 0.4824492E-02
 0.6776104E-02
 0.8841426E-02
 0.8754574E-02
 0.1077348E-01
 0.1303072E-01
 0.1591589E-01
 0.1887787E-01
 0.1970386E-01
 0.2045480E-01
 0.2354416E-01
 0.2797851E-01
 0.3016716E-01
 0.2979714E-01
 0.2908015E-01
 0.2492977E-01
 0.2032225E-01
 0.1990402E-01
 0.1823782E-01
 0.1818757E-01
 0.1820828E-01
 0.1853720E-01
 0.1805036E-01
 0.1642698E-01
 0.1652016E-01
 0.1563815E-01
 0.1692040E-01
 0.1701089E-01
 0.1724157E-01
 0.1737073E-01
 0.1735899E-01
 0.1871707E-01
 0.1867962E-01
 0.1808091E-01
 0.1879949E-01
 0.2076169E-01
 0.2247055E-01
 0.2365814E-01
 0.2593612E-01
 0.2867284E-01
 0.2656099E-01
 0.2474716E-01
 0.2304421E-01
 0.2258468E-01
 0.2102331E-01
 0.1994476E-01
 0.1905846E-01
 0.1672295E-01
 0.1291257E-01
 0.1072662E-01
 0.9847667E-02
 0.8459607E-02
 0.7417181E-02
 0.6000727E-02
 0.3389255E-02
 0.2611205E-02
 0.1812807E-02
 0.3401100E-03
 0.5889114E-05
 0.5173807E-05
 0.2188519E-03
 0.1314009E-02
 0.2802317E-02
 0.3509534E-02
 0.4837794E-02
 0.6518588E-02
 0.8657529E-02
 0.9260345E-02
 0.1036409E-01
 0.1272366E-01
 0.1612347E-01
 0.1923279E-01
 0.1887647E-01
 0.2020021E-01
 0.2375741E-01
 0.2818204E-01
 0.3009496E-01
 0.3031770E-01
 0.2899601E-01
 0.2449921E-01
 0.2019418E-01
 0.2008414E-01
 0.1844805E-01
 0.1799823E-01
 0.1859212E-01
 0.1894046E-01
 0.1770034E-01
 0.1719239E-01
 0.1640902E-01
 0.1607491E-01
 0.1646184E-01
 0.1674222E-01
 0.1687223E-01
 0.1729853E-01
 0.1823445E-01
 0.1846314E-01
 0.1858604E-01
 0.1849211E-01
 0.1856426E-01
 0.2065257E-01
 0.2260324E-01
 0.2328633E-01
 0.2660604E-01
 0.2846427E-01
 0.2668392E-01
 0.2424371E-01
 0.2326247E-01
 0.2235312E-01
 0.2121680E-01
 0.1950565E-01
 0.1912492E-01
 0.1648123E-01
 0.1344919E-01
 0.1029809E-01
 0.9841018E-02
 0.8621764E-02
 0.7225036E-02
 0.6093299E-02
 0.3349383E-02
 0.2664177E-02
 0.1788425E-02
 0.3392003E-03
 0.5889114E-05
 0.0000000E+00
 0.1934897E-03
 0.1397016E-02
 0.2761395E-02
 0.3663270E-02
 0.4745912E-02
 0.6586833E-02
 0.8487129E-02
 0.9540957E-02
 0.1020051E-01
 0.1222526E-01
 0.1650038E-01
 0.1901848E-01
 0.1864498E-01
 0.2028554E-01
 0.2398122E-01
 0.2734181E-01
 0.3061027E-01
 0.3037641E-01
 0.2938269E-01
 0.2353853E-01
 0.2090258E-01
 0.1949015E-01
 0.1870003E-01
 0.1860187E-01
 0.1896127E-01
 0.1865697E-01
 0.1771466E-01
 0.1726183E-01
 0.1697533E-01
 0.1646172E-01
 0.1599929E-01
 0.1629187E-01
 0.1657408E-01
 0.1807433E-01
 0.1822757E-01
 0.1806560E-01
 0.1838921E-01
 0.1892859E-01
 0.1903271E-01
 0.2053639E-01
 0.2205991E-01
 0.2366764E-01
 0.2626761E-01
 0.2911936E-01
 0.2627607E-01
 0.2397079E-01
 0.2329860E-01
 0.2211506E-01
 0.2149745E-01
 0.1965604E-01
 0.1865358E-01
 0.1615884E-01
 0.1389759E-01
 0.1033144E-01
 0.9456312E-02
 0.8791640E-02
 0.7420843E-02
 0.5902904E-02
 0.3365885E-02
 0.2545333E-02
 0.1891531E-02
 0.3221962E-03
 0.5889114E-05
 0.0000000E+00
 0.1863859E-03
 0.1339555E-02
 0.2807219E-02
 0.3923467E-02
 0.4647022E-02
 0.6407344E-02
 0.8610751E-02
 0.9645691E-02
 0.9998118E-02
 0.1177505E-01
 0.1659860E-01
 0.1896477E-01
 0.1866542E-01
 0.2022429E-01
 0.2388249E-01
 0.2718296E-01
 0.3059549E-01
 0.3068397E-01
 0.2878181E-01
 0.2394934E-01
 0.2078258E-01
 0.1987541E-01
 0.1874034E-01
 0.1872455E-01
 0.1942497E-01
 0.1826373E-01
 0.1739037E-01
 0.1771940E-01
 0.1743836E-01
 0.1694979E-01
 0.1571820E-01
 0.1564549E-01
 0.1687102E-01
 0.1843598E-01
 0.1839207E-01
 0.1766117E-01
 0.1817999E-01
 0.1916321E-01
 0.1943828E-01
 0.2031835E-01
 0.2199106E-01
 0.2340396E-01
 0.2666682E-01
 0.2883427E-01
 0.2645786E-01
 0.2385173E-01
 0.2338356E-01
 0.2190262E-01
 0.2157153E-01
 0.1963565E-01
 0.1827330E-01
 0.1592826E-01
 0.1406233E-01
 0.1050522E-01
 0.9241163E-02
 0.8954295E-02
 0.7404624E-02
 0.5721292E-02
 0.3508280E-02
 0.2590372E-02
 0.1743599E-02
 0.3599144E-03
 0.5889114E-05
 0.0000000E+00
 0.1924425E-03
 0.1284667E-02
 0.2921540E-02
 0.4068404E-02
 0.4462818E-02
 0.6402873E-02
 0.8808238E-02
 0.9629374E-02
 0.9680536E-02
 0.1162984E-01
 0.1661853E-01
 0.1911040E-01
 0.1820417E-01
 0.2068363E-01
 0.2382056E-01
 0.2672086E-01
 0.3014893E-01
 0.3066696E-01
 0.2889787E-01
 0.2412779E-01
 0.2106585E-01
 0.1988398E-01
 0.1900905E-01
 0.1932831E-01
 0.1952933E-01
 0.1779393E-01
 0.1744693E-01
 0.1762975E-01
 0.1787238E-01
 0.1679093E-01
 0.1585220E-01
 0.1575990E-01
 0.1721036E-01
 0.1824463E-01
 0.1816117E-01
 0.1774846E-01
 0.1779300E-01
 0.1916940E-01
 0.2027321E-01
 0.2031232E-01
 0.2138725E-01
 0.2331631E-01
 0.2693000E-01
 0.2887151E-01
 0.2655137E-01
 0.2393979E-01
 0.2295197E-01
 0.2205695E-01
 0.2166059E-01
 0.1914265E-01
 0.1804212E-01
 0.1604733E-01
 0.1383742E-01
 0.1093229E-01
 0.8994842E-02
 0.9130938E-02
 0.7539611E-02
 0.5465762E-02
 0.3496711E-02
 0.2644284E-02
 0.1709589E-02
 0.3898928E-03
 0.5889114E-05
 0.0000000E+00
 0.1555706E-03
 0.1295090E-02
 0.2950363E-02
 0.4223643E-02
 0.4469831E-02
 0.6249431E-02
 0.8770016E-02
 0.9931060E-02
 0.9408896E-02
 0.1163743E-01
 0.1638250E-01
 0.1852120E-01
 0.1893159E-01
 0.2087967E-01
 0.2352131E-01
 0.2612909E-01
 0.3006120E-01
 0.3031384E-01
 0.2911368E-01
 0.2396712E-01
 0.2138563E-01
 0.2000597E-01
 0.1984497E-01
 0.1962556E-01
 0.1877610E-01
 0.1796140E-01
 0.1797820E-01
 0.1722020E-01
 0.1785625E-01
 0.1668805E-01
 0.1623790E-01
 0.1657465E-01
 0.1736410E-01
 0.1784704E-01
 0.1773843E-01
 0.1799008E-01
 0.1786157E-01
 0.1881807E-01
 0.2070494E-01
 0.2074951E-01
 0.2090917E-01
 0.2340348E-01
 0.2627640E-01
 0.2897551E-01
 0.2673769E-01
 0.2458308E-01
 0.2248767E-01
 0.2200148E-01
 0.2114580E-01
 0.1960726E-01
 0.1750585E-01
 0.1575101E-01
 0.1375002E-01
 0.1150425E-01
 0.9085019E-02
 0.8912932E-02
 0.7613645E-02
 0.5345376E-02
 0.3608318E-02
 0.2551331E-02
 0.1743205E-02
 0.3579811E-03
 0.2944557E-05
 0.0000000E+00
 0.1539404E-03
 0.1234677E-02
 0.2971093E-02
 0.4511983E-02
 0.4338586E-02
 0.6235548E-02
 0.9062354E-02
 0.9517822E-02
 0.9253217E-02
 0.1183440E-01
 0.1610932E-01
 0.1851827E-01
 0.1918940E-01
 0.2083487E-01
 0.2353255E-01
 0.2581316E-01
 0.2934328E-01
 0.2981644E-01
 0.2902661E-01
 0.2467094E-01
 0.2166568E-01
 0.1996624E-01
 0.2061562E-01
 0.1979546E-01
 0.1858973E-01
 0.1809929E-01
 0.1796106E-01
 0.1719529E-01
 0.1748227E-01
 0.1656291E-01
 0.1679027E-01
 0.1751750E-01
 0.1735890E-01
 0.1768701E-01
 0.1717621E-01
 0.1790783E-01
 0.1817711E-01
 0.1887449E-01
 0.2075612E-01
 0.2077004E-01
 0.2068348E-01
 0.2353706E-01
 0.2616970E-01
 0.2849583E-01
 0.2723245E-01
 0.2493372E-01
 0.2223030E-01
 0.2184825E-01
 0.2090317E-01
 0.1940860E-01
 0.1730975E-01
 0.1529034E-01
 0.1424218E-01
 0.1162782E-01
 0.9030108E-02
 0.9008422E-02
 0.7674900E-02
 0.5075758E-02
 0.3740692E-02
 0.2605382E-02
 0.1652342E-02
 0.3799091E-03
 0.2944557E-05
 0.0000000E+00
 0.1646663E-03
 0.1180529E-02
 0.3084210E-02
 0.4449550E-02
 0.4471458E-02
 0.6201664E-02
 0.9010269E-02
 0.9370254E-02
 0.9293284E-02
 0.1172925E-01
 0.1582626E-01
 0.1877843E-01
 0.1965918E-01
 0.2051082E-01
 0.2337976E-01
 0.2595515E-01
 0.2828516E-01
 0.2931109E-01
 0.2905838E-01
 0.2542149E-01
 0.2142264E-01
 0.2068543E-01
 0.2084948E-01
 0.2019721E-01
 0.1823268E-01
 0.1834261E-01
 0.1800526E-01
 0.1717222E-01
 0.1678400E-01
 0.1673729E-01
 0.1742565E-01
 0.1821516E-01
 0.1758301E-01
 0.1727246E-01
 0.1678545E-01
 0.1796522E-01
 0.1840425E-01
 0.1906882E-01
 0.2066856E-01
 0.2021709E-01
 0.2150604E-01
 0.2293901E-01
 0.2594927E-01
 0.2826449E-01
 0.2797024E-01
 0.2491469E-01
 0.2236890E-01
 0.2155920E-01
 0.2038192E-01
 0.1931477E-01
 0.1724159E-01
 0.1520499E-01
 0.1432602E-01
 0.1155963E-01
 0.9492715E-02
 0.8822910E-02
 0.7597191E-02
 0.5124110E-02
 0.3605779E-02
 0.2672545E-02
 0.1606128E-02
 0.4001433E-03
 0.2944557E-05
 0.3843422E-05
 0.1593190E-03
 0.1138373E-02
 0.3066885E-02
 0.4610034E-02
 0.4549447E-02
 0.6156775E-02
 0.9103062E-02
 0.8867570E-02
 0.9615301E-02
 0.1203090E-01
 0.1527624E-01
 0.1869530E-01
 0.2022966E-01
 0.2022929E-01
 0.2297257E-01
 0.2609631E-01
 0.2802122E-01
 0.2785228E-01
 0.2940375E-01
 0.2587424E-01
 0.2173342E-01
 0.2074818E-01
 0.2188514E-01
 0.1997416E-01
 0.1850390E-01
 0.1819333E-01
 0.1772720E-01
 0.1776526E-01
 0.1609127E-01
 0.1680298E-01
 0.1816286E-01
 0.1837542E-01
 0.1775389E-01
 0.1681507E-01
 0.1745084E-01
 0.1752628E-01
 0.1848452E-01
 0.1979171E-01
 0.1950638E-01
 0.2051822E-01
 0.2172761E-01
 0.2283590E-01
 0.2532627E-01
 0.2866971E-01
 0.2783100E-01
 0.2559341E-01
 0.2224748E-01
 0.2121586E-01
 0.2002747E-01
 0.1882461E-01
 0.1737669E-01
 0.1486364E-01
 0.1463381E-01
 0.1180725E-01
 0.9556299E-02
 0.8929634E-02
 0.7326805E-02
 0.5129869E-02
 0.3755176E-02
 0.2537608E-02
 0.1595714E-02
 0.4149460E-03
 0.1143665E-04
 0.3843422E-05
 0.1489854E-03
 0.1116150E-02
 0.3028268E-02
 0.4700064E-02
 0.4762603E-02
 0.6233286E-02
 0.8820964E-02
 0.8924648E-02
 0.9654495E-02
 0.1191413E-01
 0.1521293E-01
 0.1824907E-01
 0.2060342E-01
 0.2056185E-01
 0.2253872E-01
 0.2625068E-01
 0.2759562E-01
 0.2700916E-01
 0.2914437E-01
 0.2608166E-01
 0.2212388E-01
 0.2144805E-01
 0.2140041E-01
 0.2084056E-01
 0.1871896E-01
 0.1823276E-01
 0.1747868E-01
 0.1717746E-01
 0.1640468E-01
 0.1681544E-01
 0.1897801E-01
 0.1863944E-01
 0.1749289E-01
 0.1707993E-01
 0.1726986E-01
 0.1751099E-01
 0.1865638E-01
 0.1979382E-01
 0.1963474E-01
 0.2008628E-01
 0.2174513E-01
 0.2301304E-01
 0.2464398E-01
 0.2884613E-01
 0.2786086E-01
 0.2610028E-01
 0.2223061E-01
 0.2074430E-01
 0.2024807E-01
 0.1855470E-01
 0.1683210E-01
 0.1499703E-01
 0.1436339E-01
 0.1208104E-01
 0.9870638E-02
 0.8845280E-02
 0.7163971E-02
 0.5282632E-02
 0.3705334E-02
 0.2532173E-02
 0.1576430E-02
 0.4168534E-03
 0.8492090E-05
 0.3843422E-05
 0.1373738E-03
 0.1058536E-02
 0.3131809E-02
 0.4579596E-02
 0.5037502E-02
 0.6455312E-02
 0.8158631E-02
 0.8998454E-02
 0.1004483E-01
 0.1177615E-01
 0.1516213E-01
 0.1823763E-01
 0.2056174E-01
 0.2060725E-01
 0.2234350E-01
 0.2632325E-01
 0.2705310E-01
 0.2660078E-01
 0.2869656E-01
 0.2566210E-01
 0.2307327E-01
 0.2181369E-01
 0.2128602E-01
 0.2084227E-01
 0.1961126E-01
 0.1811478E-01
 0.1747939E-01
 0.1691273E-01
 0.1659122E-01
 0.1766852E-01
 0.1875225E-01
 0.1849036E-01
 0.1741693E-01
 0.1695817E-01
 0.1788168E-01
 0.1777946E-01
 0.1879881E-01
 0.1956121E-01
 0.1950026E-01
 0.2021611E-01
 0.2139721E-01
 0.2301778E-01
 0.2432771E-01
 0.2866885E-01
 0.2821831E-01
 0.2645732E-01
 0.2210776E-01
 0.2021662E-01
 0.2028228E-01
 0.1809219E-01
 0.1654490E-01
 0.1534256E-01
 0.1402326E-01
 0.1263004E-01
 0.1006483E-01
 0.8553781E-02
 0.7183688E-02
 0.5326398E-02
 0.3628718E-02
 0.2581113E-02
 0.1544675E-02
 0.4036794E-03
 0.8492090E-05
 0.3843422E-05
 0.1554111E-03
 0.1020493E-02
 0.3108424E-02
 0.4567908E-02
 0.5195191E-02
 0.6745595E-02
 0.7682183E-02
 0.8935344E-02
 0.1019047E-01
 0.1184353E-01
 0.1543238E-01
 0.1796061E-01
 0.2022517E-01
 0.2062516E-01
 0.2252169E-01
 0.2596903E-01
 0.2701023E-01
 0.2638682E-01
 0.2801429E-01
 0.2533331E-01
 0.2370208E-01
 0.2220068E-01
 0.2138627E-01
 0.2055544E-01
 0.2038909E-01
 0.1826663E-01
 0.1747329E-01
 0.1632280E-01
 0.1721366E-01
 0.1861949E-01
 0.1836588E-01
 0.1810769E-01
 0.1732456E-01
 0.1737171E-01
 0.1793793E-01
 0.1836524E-01
 0.1890882E-01
 0.1902815E-01
 0.1945941E-01
 0.2079132E-01
 0.2098866E-01
 0.2237290E-01
 0.2450698E-01
 0.2833923E-01
 0.2857283E-01
 0.2667871E-01
 0.2200768E-01
 0.2009156E-01
 0.2021803E-01
 0.1758619E-01
 0.1612576E-01
 0.1594812E-01
 0.1383706E-01
 0.1269498E-01
 0.1023528E-01
 0.8419248E-02
 0.7137057E-02
 0.5412274E-02
 0.3633650E-02
 0.2513632E-02
 0.1522077E-02
 0.4330375E-03
 0.8492090E-05
 0.3843422E-05
 0.1566063E-03
 0.9927209E-03
 0.3122721E-02
 0.4507161E-02
 0.5461022E-02
 0.6755861E-02
 0.7309882E-02
 0.9232345E-02
 0.1017820E-01
 0.1176999E-01
 0.1558003E-01
 0.1782448E-01
 0.1999838E-01
 0.2048361E-01
 0.2285911E-01
 0.2597019E-01
 0.2636638E-01
 0.2627280E-01
 0.2740510E-01
 0.2486202E-01
 0.2432766E-01
 0.2255073E-01
 0.2137756E-01
 0.2045475E-01
 0.2077661E-01
 0.1860201E-01
 0.1739992E-01
 0.1665703E-01
 0.1775026E-01
 0.1923062E-01
 0.1792112E-01
 0.1730730E-01
 0.1752319E-01
 0.1784926E-01
 0.1815620E-01
 0.1860614E-01
 0.1913905E-01
 0.1870805E-01
 0.1924156E-01
 0.2147823E-01
 0.2067919E-01
 0.2162394E-01
 0.2461164E-01
 0.2823459E-01
 0.2892716E-01
 0.2617671E-01
 0.2215537E-01
 0.2023007E-01
 0.1971799E-01
 0.1769086E-01
 0.1592106E-01
 0.1588861E-01
 0.1380313E-01
 0.1256599E-01
 0.1076104E-01
 0.8300336E-02
 0.6997162E-02
 0.5478245E-02
 0.3623072E-02
 0.2452032E-02
 0.1529993E-02
 0.4542073E-03
 0.8492090E-05
 0.3843422E-05
 0.1556466E-03
 0.9218872E-03
 0.3093275E-02
 0.4563523E-02
 0.5685956E-02
 0.6682142E-02
 0.7053363E-02
 0.9251177E-02
 0.1045356E-01
 0.1178126E-01
 0.1563340E-01
 0.1784901E-01
 0.1972551E-01
 0.2028776E-01
 0.2299506E-01
 0.2607610E-01
 0.2579097E-01
 0.2644934E-01
 0.2656438E-01
 0.2483601E-01
 0.2435500E-01
 0.2318695E-01
 0.2105725E-01
 0.2031698E-01
 0.2080077E-01
 0.1915716E-01
 0.1740806E-01
 0.1748749E-01
 0.1847747E-01
 0.1857397E-01
 0.1818446E-01
 0.1698008E-01
 0.1735310E-01
 0.1816436E-01
 0.1825345E-01
 0.1895078E-01
 0.1927345E-01
 0.1886551E-01
 0.1920220E-01
 0.2131835E-01
 0.2087139E-01
 0.2082091E-01
 0.2457514E-01
 0.2813245E-01
 0.2905929E-01
 0.2593628E-01
 0.2225206E-01
 0.2038154E-01
 0.1884790E-01
 0.1802592E-01
 0.1615838E-01
 0.1556453E-01
 0.1391925E-01
 0.1255755E-01
 0.1094772E-01
 0.8320767E-02
 0.6823868E-02
 0.5539836E-02
 0.3672662E-02
 0.2420650E-02
 0.1508222E-02
 0.4357331E-03
 0.8492090E-05
 0.3843422E-05
 0.1614826E-03
 0.9894925E-03
 0.2934445E-02
 0.4583504E-02
 0.6033826E-02
 0.6484206E-02
 0.6812293E-02
 0.9411444E-02
 0.1044775E-01
 0.1214067E-01
 0.1548044E-01
 0.1781400E-01
 0.1949349E-01
 0.2023764E-01
 0.2305646E-01
 0.2628978E-01
 0.2534068E-01
 0.2629818E-01
 0.2567962E-01
 0.2533496E-01
 0.2432637E-01
 0.2311616E-01
 0.2103543E-01
 0.2024597E-01
 0.1997851E-01
 0.2010540E-01
 0.1810694E-01
 0.1842384E-01
 0.1868075E-01
 0.1864985E-01
 0.1764864E-01
 0.1658695E-01
 0.1780361E-01
 0.1824902E-01
 0.1830555E-01
 0.1900597E-01
 0.1954000E-01
 0.1900293E-01
 0.1959713E-01
 0.2058492E-01
 0.2104016E-01
 0.2076379E-01
 0.2408803E-01
 0.2799420E-01
 0.2861485E-01
 0.2611763E-01
 0.2261563E-01
 0.2022636E-01
 0.1837953E-01
 0.1831339E-01
 0.1617665E-01
 0.1517696E-01
 0.1443063E-01
 0.1219495E-01
 0.1125563E-01
 0.8222524E-02
 0.6614401E-02
 0.5661492E-02
 0.3784633E-02
 0.2308084E-02
 0.1542498E-02
 0.4478893E-03
 0.8492090E-05
 0.3843422E-05
 0.1611236E-03
 0.9266749E-03
 0.2887348E-02
 0.4655550E-02
 0.6162349E-02
 0.6469895E-02
 0.6690377E-02
 0.9369779E-02
 0.1057055E-01
 0.1261804E-01
 0.1512959E-01
 0.1782999E-01
 0.1909153E-01
 0.2029803E-01
 0.2327077E-01
 0.2623171E-01
 0.2509878E-01
 0.2605332E-01
 0.2504929E-01
 0.2510833E-01
 0.2498843E-01
 0.2272131E-01
 0.2117571E-01
 0.2042755E-01
 0.1929411E-01
 0.2019054E-01
 0.1902547E-01
 0.1956018E-01
 0.1914505E-01
 0.1774998E-01
 0.1738894E-01
 0.1759247E-01
 0.1759254E-01
 0.1821045E-01
 0.1831594E-01
 0.1875740E-01
 0.1954108E-01
 0.1948017E-01
 0.2021075E-01
 0.1988375E-01
 0.2098335E-01
 0.2174482E-01
 0.2313186E-01
 0.2743021E-01
 0.2809537E-01
 0.2625668E-01
 0.2296486E-01
 0.1990174E-01
 0.1841284E-01
 0.1820148E-01
 0.1654614E-01
 0.1500190E-01
 0.1441995E-01
 0.1206261E-01
 0.1132496E-01
 0.8314633E-02
 0.6522026E-02
 0.5652642E-02
 0.3879217E-02
 0.2253143E-02
 0.1516773E-02
 0.4374050E-03
 0.1730354E-04
 0.3843422E-05
 0.1337160E-03
 0.9817909E-03
 0.2811479E-02
 0.4586571E-02
 0.6382454E-02
 0.6102254E-02
 0.6929845E-02
 0.9580444E-02
 0.1049648E-01
 0.1280929E-01
 0.1504235E-01
 0.1789798E-01
 0.1882513E-01
 0.2026075E-01
 0.2397525E-01
 0.2527472E-01
 0.2526269E-01
 0.2556893E-01
 0.2463603E-01
 0.2511732E-01
 0.2516494E-01
 0.2225783E-01
 0.2140446E-01
 0.2014971E-01
 0.1937830E-01
 0.1978613E-01
 0.2050243E-01
 0.2029205E-01
 0.1937515E-01
 0.1761822E-01
 0.1693796E-01
 0.1795714E-01
 0.1802986E-01
 0.1782245E-01
 0.1836350E-01
 0.1884878E-01
 0.1904537E-01
 0.2020890E-01
 0.2072578E-01
 0.1977260E-01
 0.2059466E-01
 0.2231419E-01
 0.2271613E-01
 0.2656129E-01
 0.2724683E-01
 0.2645973E-01
 0.2305002E-01
 0.2015788E-01
 0.1842406E-01
 0.1807175E-01
 0.1675977E-01
 0.1532889E-01
 0.1375475E-01
 0.1214730E-01
 0.1139523E-01
 0.8730127E-02
 0.6160256E-02
 0.5694418E-02
 0.3899756E-02
 0.2258945E-02
 0.1500245E-02
 0.4361653E-03
 0.1730354E-04
 0.3843422E-05
 0.1382002E-03
 0.9839461E-03
 0.2760640E-02
 0.4660386E-02
 0.6430804E-02
 0.5997991E-02
 0.7017437E-02
 0.9499419E-02
 0.1076859E-01
 0.1296273E-01
 0.1472874E-01
 0.1802114E-01
 0.1866976E-01
 0.2032422E-01
 0.2403056E-01
 0.2482947E-01
 0.2551261E-01
 0.2508904E-01
 0.2442177E-01
 0.2521995E-01
 0.2476676E-01
 0.2232159E-01
 0.2099234E-01
 0.2004416E-01
 0.1968011E-01
 0.1970005E-01
 0.2144773E-01
 0.2096309E-01
 0.1949810E-01
 0.1752495E-01
 0.1715336E-01
 0.1818898E-01
 0.1814378E-01
 0.1757705E-01
 0.1835721E-01
 0.1873952E-01
 0.1903250E-01
 0.2067897E-01
 0.2100709E-01
 0.1969884E-01
 0.2053347E-01
 0.2228262E-01
 0.2298388E-01
 0.2520910E-01
 0.2672192E-01
 0.2641127E-01
 0.2345635E-01
 0.2020969E-01
 0.1840152E-01
 0.1807920E-01
 0.1709974E-01
 0.1517765E-01
 0.1354318E-01
 0.1230984E-01
 0.1123291E-01
 0.8858492E-02
 0.6000983E-02
 0.5584184E-02
 0.4115454E-02
 0.2263234E-02
 0.1481543E-02
 0.4396586E-03
 0.1730354E-04
 0.3843422E-05
 0.1364576E-03
 0.1005084E-02
 0.2690809E-02
 0.4687888E-02
 0.6305922E-02
 0.5944343E-02
 0.7094236E-02
 0.9549053E-02
 0.1111166E-01
 0.1278727E-01
 0.1490674E-01
 0.1795586E-01
 0.1848850E-01
 0.2077619E-01
 0.2382648E-01
 0.2456549E-01
 0.2504987E-01
 0.2500125E-01
 0.2451826E-01
 0.2501726E-01
 0.2418914E-01
 0.2259109E-01
 0.2078547E-01
 0.1973180E-01
 0.1988076E-01
 0.2013350E-01
 0.2165772E-01
 0.2144517E-01
 0.1973596E-01
 0.1786476E-01
 0.1759781E-01
 0.1806522E-01
 0.1791851E-01
 0.1795099E-01
 0.1843339E-01
 0.1846180E-01
 0.1932598E-01
 0.2056959E-01
 0.2071761E-01
 0.2059928E-01
 0.2046261E-01
 0.2200211E-01
 0.2315569E-01
 0.2446256E-01
 0.2608258E-01
 0.2559975E-01
 0.2382402E-01
 0.2056371E-01
 0.1865521E-01
 0.1791770E-01
 0.1725762E-01
 0.1549876E-01
 0.1329472E-01
 0.1224896E-01
 0.1113159E-01
 0.9004344E-02
 0.6015310E-02
 0.5330658E-02
 0.4211013E-02
 0.2307925E-02
 0.1447705E-02
 0.4307315E-03
 0.1730354E-04
